2 16800 12000
11 1851 12000
8 764 12000
10 780 12000
8 764 12001
10 780 12001
13 16810 12001
14 812 12001
1 700 12001
3 16813 12001
10 1936 12002
14 812 12002
0 1970 12002
3 1987 12002
6 2004 12002
1 700 12003
3 716 12003
11 16826 12003
7 748 12003
8 764 12003
2 2072 12003
5 2089 12003
5 732 12004
0 16833 12004
8 764 12004
10 780 12004
8 764 12005
7 16841 12005
9 16842 12005
11 16843 12005
1 700 12005
15 16845 12005
5 732 12005
7 748 12005
14 2140 12006
1 2157 12006
4 2174 12006
3 716 12006
10 2208 12006
1 700 12007
5 16857 12007
7 16858 12007
9 16859 12007
11 16860 12007
6 2276 12007
0 2242 12008
3 2259 12008
6 2276 12008
0 16867 12008
8 764 12009
10 780 12009
12 796 12009
2 2344 12009
1 700 12009
3 716 12009
11 2395 12009
2 2344 12010
14 812 12010
8 2378 12010
11 2395 12010
14 2412 12010
1 700 12011
3 716 12011
5 732 12011
5 16891 12011
7 2463 12011
9 16893 12011
