12 796 12000
7 2191 12000
10 17122 12000
12 17123 12000
13 2225 12001
15 17129 12001
3 2259 12001
3 17131 12001
5 17132 12001
12 2310 12001
5 732 12002
6 17137 12002
8 17138 12002
10 780 12002
12 796 12002
15 2327 12003
13 17145 12003
15 17146 12003
14 812 12003
11 2395 12003
3 716 12003
5 732 12003
12 796 12004
4 17153 12004
1 700 12004
1 2429 12004
1 700 12005
3 716 12005
5 732 12005
10 2480 12005
8 764 12005
10 780 12005
5 17166 12005
6 2548 12005
10 2480 12006
7 748 12006
0 2514 12006
3 2531 12006
8 17172 12006
8 764 12007
6 2548 12007
11 17178 12007
14 812 12007
15 17180 12007
2 1800 12007
12 2582 12008
15 2599 12008
2 1800 12008
4 17187 12008
1 700 12009
8 1834 12009
11 1851 12009
7 748 12009
8 764 12009
4 1902 12009
7 1919 12009
14 1868 12010
1 1885 12010
0 17202 12010
10 780 12010
10 1936 12010
8 764 12011
10 780 12011
7 17210 12011
9 17211 12011
1 700 12011
13 17213 12011
