6 2004 12000
10 780 12000
0 16962 12000
14 812 12000
15 2055 12001
5 16969 12001
5 2089 12001
9 16971 12001
11 2123 12001
14 2140 12001
8 2106 12002
3 716 12002
14 16978 12002
0 16979 12002
4 2174 12002
5 732 12003
3 16985 12003
5 16986 12003
10 2208 12003
9 16988 12003
14 812 12003
1 700 12003
8 16992 12004
10 780 12004
0 2242 12004
3 2259 12004
12 796 12005
6 2276 12005
9 2293 12005
12 2310 12005
15 2327 12005
7 748 12005
11 17006 12005
10 780 12005
6 17008 12006
3 716 12006
5 732 12006
5 2361 12006
8 764 12006
5 2361 12007
8 2378 12007
1 17018 12007
3 17019 12007
5 17020 12007
14 812 12007
14 2412 12008
6 17025 12008
4 2446 12008
10 17027 12008
7 2463 12009
14 812 12009
1 700 12009
3 716 12009
3 17036 12009
7 748 12009
9 2565 12009
0 2514 12010
4 17041 12010
6 2548 12010
7 748 12010
8 764 12010
5 732 12011
11 17049 12011
15 2599 12011
10 780 12011
5 1817 12011
14 812 12011
