14 812 12000
6 2276 12000
15 17202 12000
5 732 12000
2 17208 12001
5 732 12001
6 17210 12001
8 17211 12001
10 780 12001
12 796 12001
9 17216 12002
8 2378 12002
10 780 12002
14 2412 12002
14 812 12002
10 780 12003
1 2429 12003
4 2446 12003
6 17227 12003
3 716 12003
13 2497 12003
12 17230 12003
14 812 12004
1 700 12004
3 716 12004
5 732 12004
14 17240 12005
0 17241 12005
7 748 12005
4 17243 12005
6 17244 12005
15 2599 12005
2 1800 12005
1 700 12005
9 2565 12006
12 2582 12006
15 2599 12006
11 17251 12006
13 17252 12006
12 17256 12007
5 1817 12007
14 812 12007
2 17259 12007
3 716 12007
1 1885 12007
14 812 12008
5 17265 12008
1 1885 12008
5 732 12008
10 17272 12009
7 1919 12009
14 17274 12009
13 1953 12009
10 780 12009
4 17277 12009
14 812 12009
1 17280 12010
0 1970 12010
5 17282 12010
6 2004 12010
9 2021 12010
6 2004 12011
10 17289 12011
12 2038 12011
15 2055 12011
2 2072 12011
5 732 12011
