14 812 12000
1 700 12000
3 716 12000
4 2446 12000
3 716 12001
5 732 12001
7 748 12001
13 2497 12001
10 780 12001
12 796 12001
13 2497 12002
0 2514 12002
3 2531 12002
6 2548 12002
9 2565 12002
8 16584 12003
12 796 12003
12 16586 12003
14 16587 12003
2 1800 12003
5 732 12003
7 748 12003
15 2599 12004
1 16593 12004
3 16594 12004
5 16595 12004
6 16600 12005
8 16601 12005
7 748 12005
8 764 12005
10 780 12005
0 16605 12005
14 812 12005
1 700 12005
7 748 12006
15 16609 12006
1 16610 12006
10 1936 12006
13 1953 12006
10 780 12007
6 16617 12007
8 16618 12007
3 1987 12007
3 716 12007
5 732 12007
14 812 12008
13 16625 12008
3 716 12008
5 732 12008
3 716 12009
15 2055 12009
6 16634 12009
8 16635 12009
8 2106 12009
11 2123 12009
14 16638 12009
5 2089 12010
8 764 12010
11 2123 12010
15 16643 12010
1 2157 12010
14 2140 12011
12 796 12011
14 812 12011
7 2191 12011
10 2208 12011
5 732 12011
