8 764 12000
6 16321 12000
8 16322 12000
14 812 12000
7 2191 12001
13 16329 12001
1 700 12001
1 16331 12001
3 16332 12001
5 16333 12001
1 700 12002
3 2259 12002
6 2276 12002
9 2293 12002
12 2310 12002
9 16344 12003
7 748 12003
15 2327 12003
15 16347 12003
5 2361 12003
14 812 12003
1 700 12003
2 2344 12004
2 16353 12004
12 796 12004
6 16355 12004
12 796 12005
9 16361 12005
1 2429 12005
3 716 12005
5 732 12005
10 2480 12005
13 2497 12005
5 16367 12005
4 2446 12006
3 716 12006
5 732 12006
4 16371 12006
6 16372 12006
13 2497 12007
7 748 12007
3 2531 12007
10 780 12007
13 16380 12007
14 812 12007
12 16384 12008
10 780 12008
12 796 12008
15 2599 12008
12 796 12009
14 812 12009
5 1817 12009
9 16395 12009
5 732 12009
7 748 12009
8 764 12009
1 700 12010
12 16401 12010
14 1868 12010
7 748 12010
2 16404 12010
1 1885 12011
7 748 12011
8 764 12011
7 16411 12011
9 16412 12011
14 812 12011
