12 2310 12000
14 812 12000
1 700 12000
5 2361 12000
5 16488 12001
7 16489 12001
11 2395 12001
11 16491 12001
13 16492 12001
15 16493 12001
14 2412 12002
14 16497 12002
4 2446 12002
2 16499 12002
12 796 12002
7 2463 12003
10 2480 12003
13 2497 12003
0 2514 12003
3 2531 12003
13 16509 12003
9 2565 12003
10 16512 12004
14 812 12004
14 16514 12004
9 2565 12004
1 700 12005
3 16521 12005
15 2599 12005
2 1800 12005
5 1817 12005
11 16525 12005
12 796 12005
14 812 12005
5 732 12006
5 1817 12006
8 1834 12006
14 16531 12006
0 16532 12006
15 16536 12007
10 780 12007
12 796 12007
4 1902 12007
7 1919 12007
3 716 12007
12 796 12008
8 16545 12008
10 1936 12008
3 716 12008
13 1953 12009
3 716 12009
5 732 12009
3 16555 12009
5 16556 12009
7 16557 12009
15 2055 12009
4 16560 12010
9 2021 12010
8 764 12010
15 2055 12010
12 796 12010
8 764 12011
2 2072 12011
5 2089 12011
8 2106 12011
1 700 12011
14 2140 12011
