9 2565 12000
5 732 12000
15 2599 12000
3 16723 12000
7 748 12001
8 764 12001
8 16730 12001
12 796 12001
14 812 12001
1 1885 12001
10 780 12002
13 16737 12002
1 1885 12002
1 700 12002
3 16740 12002
14 812 12003
1 700 12003
6 16746 12003
8 16747 12003
10 16748 12003
12 16749 12003
6 2004 12003
3 716 12004
5 732 12004
7 748 12004
8 764 12004
0 16760 12005
9 2021 12005
10 780 12005
6 16763 12005
14 812 12005
10 16765 12005
3 716 12005
14 16767 12005
7 16768 12006
2 2072 12006
5 2089 12006
8 2106 12006
15 16772 12006
14 812 12007
1 700 12007
3 716 12007
5 732 12007
7 748 12007
7 2191 12007
5 16784 12008
5 732 12008
7 748 12008
11 16787 12008
12 16792 12009
13 2225 12009
0 16794 12009
12 796 12009
4 16796 12009
6 16797 12009
8 16798 12009
3 2259 12010
6 2276 12010
7 16802 12010
12 2310 12010
11 16804 12010
10 16808 12011
1 700 12011
14 16810 12011
5 2361 12011
7 748 12011
8 764 12011
