0 16000 12000
5 1817 12000
8 1834 12000
11 1851 12000
5 732 12001
7 748 12001
8 764 12001
13 16011 12001
7 1919 12001
10 1936 12001
4 1902 12002
7 1919 12002
10 1936 12002
13 1953 12002
0 1970 12002
12 796 12003
14 812 12003
9 16026 12003
3 716 12003
13 16028 12003
7 748 12003
8 764 12003
1 700 12004
3 716 12004
0 16034 12004
15 2055 12004
3 16040 12005
5 16041 12005
7 16042 12005
10 780 12005
11 2123 12005
14 812 12005
1 700 12005
4 2174 12005
8 2106 12006
10 780 12006
14 2140 12006
14 812 12006
1 700 12006
12 796 12007
14 812 12007
1 700 12007
3 716 12007
9 16060 12007
0 2242 12007
1 700 12008
13 2225 12008
5 732 12008
14 16067 12008
5 732 12009
6 2276 12009
3 16074 12009
5 16075 12009
7 16076 12009
14 812 12009
5 2361 12009
6 16080 12010
8 16081 12010
2 2344 12010
12 16083 12010
14 16084 12010
12 796 12011
15 16089 12011
1 700 12011
14 2412 12011
5 16092 12011
4 2446 12011
