1 1885 12000
7 16081 12000
7 748 12000
8 764 12000
12 16088 12001
14 16089 12001
0 16090 12001
12 796 12001
4 16092 12001
6 16093 12001
3 16096 12002
6 2004 12002
9 2021 12002
9 16099 12002
3 716 12002
14 812 12003
1 700 12003
14 16106 12003
5 2089 12003
8 2106 12003
4 16109 12003
14 2140 12003
5 2089 12004
3 16113 12004
11 2123 12004
14 2140 12004
14 2140 12005
8 764 12005
12 16122 12005
12 796 12005
10 2208 12005
2 16125 12005
3 716 12005
5 732 12005
15 16128 12006
12 796 12006
13 2225 12006
1 700 12006
3 2259 12006
14 812 12007
8 16137 12007
3 716 12007
9 2293 12007
14 16140 12007
0 16141 12007
9 2293 12008
15 16145 12008
1 16146 12008
2 2344 12008
2 2344 12009
5 2361 12009
8 16154 12009
12 796 12009
14 812 12009
14 16157 12009
4 2446 12009
11 2395 12010
14 2412 12010
15 16162 12010
1 16163 12010
3 16164 12010
14 812 12011
1 700 12011
3 716 12011
8 16171 12011
0 2514 12011
12 16173 12011
