15 2055 12000
2 2072 12000
10 780 12000
5 16243 12000
8 2106 12001
12 796 12001
10 16250 12001
1 700 12001
3 716 12001
7 2191 12001
14 812 12002
1 700 12002
3 716 12002
10 2208 12002
13 2225 12002
3 716 12003
5 732 12003
0 2242 12003
8 764 12003
12 16268 12003
9 2293 12003
12 2310 12003
7 748 12004
13 16273 12004
9 2293 12004
12 796 12004
12 2310 12005
4 16281 12005
6 16282 12005
8 16283 12005
3 716 12005
12 16285 12005
7 748 12005
8 764 12005
9 16288 12006
11 16289 12006
3 716 12006
5 732 12006
7 748 12006
14 2412 12007
1 2429 12007
4 2446 12007
7 2463 12007
10 780 12007
10 16301 12007
7 16304 12008
8 764 12008
13 2497 12008
13 16307 12008
14 16312 12009
0 16313 12009
14 812 12009
9 2565 12009
3 716 12009
5 732 12009
7 748 12009
9 2565 12010
1 700 12010
3 716 12010
2 1800 12010
7 748 12010
3 716 12011
5 732 12011
0 16330 12011
8 764 12011
4 16332 12011
12 796 12011
