7 1919 12000
9 16881 12000
11 16882 12000
13 16883 12000
14 16888 12001
3 1987 12001
6 2004 12001
4 16891 12001
6 16892 12001
8 16893 12001
9 2021 12002
1 700 12002
9 16898 12002
5 732 12002
7 748 12002
2 2072 12003
5 2089 12003
8 2106 12003
8 764 12003
10 780 12003
1 2157 12003
8 16910 12003
11 2123 12004
5 16913 12004
7 16914 12004
12 796 12004
4 2174 12005
7 2191 12005
10 2208 12005
0 16923 12005
3 716 12005
4 16925 12005
6 2276 12005
8 16927 12005
14 812 12006
1 700 12006
3 2259 12006
7 16931 12006
7 748 12006
6 2276 12007
10 16937 12007
12 2310 12007
14 16939 12007
2 2344 12007
2 16941 12007
7 748 12008
1 16945 12008
5 2361 12008
12 796 12008
10 780 12009
11 2395 12009
10 16954 12009
12 16955 12009
14 16956 12009
5 732 12009
10 2480 12009
13 16960 12010
15 16961 12010
1 16962 12010
3 16963 12010
5 16964 12010
3 716 12011
5 732 12011
7 748 12011
8 764 12011
12 16972 12011
9 2565 12011
