5 732 12000
3 1987 12000
6 2004 12000
10 780 12000
9 2021 12001
12 2038 12001
5 16170 12001
7 16171 12001
9 16172 12001
8 2106 12001
8 16176 12002
14 812 12002
12 16178 12002
11 2123 12002
5 732 12002
11 2123 12003
14 2140 12003
5 732 12003
4 2174 12003
8 764 12003
10 2208 12003
12 796 12003
6 16192 12004
7 748 12004
10 2208 12004
12 16195 12004
13 2225 12005
10 780 12005
12 796 12005
14 812 12005
9 2293 12005
12 2310 12005
9 16206 12005
7 748 12005
4 16208 12006
6 16209 12006
12 2310 12006
10 16211 12006
5 732 12006
11 16216 12007
2 2344 12007
5 2361 12007
1 16219 12007
11 2395 12007
5 16221 12007
8 2378 12008
4 16225 12008
6 16226 12008
8 16227 12008
1 2429 12009
10 780 12009
12 796 12009
14 812 12009
1 700 12009
3 716 12009
5 732 12009
12 796 12010
13 2497 12010
4 16242 12010
3 2531 12010
5 732 12010
1 700 12011
6 2548 12011
5 732 12011
13 16251 12011
15 2599 12011
10 780 12011
