1 700 12000
13 2497 12000
0 2514 12000
14 16643 12000
5 732 12001
7 748 12001
8 764 12001
5 16651 12001
15 2599 12001
2 1800 12001
12 2582 12002
10 780 12002
10 16658 12002
14 812 12002
8 1834 12002
12 796 12003
8 1834 12003
1 700 12003
14 1868 12003
5 16668 12003
4 1902 12003
9 16670 12003
4 16672 12004
6 16673 12004
8 16674 12004
7 1919 12004
5 732 12005
13 16681 12005
13 1953 12005
0 1970 12005
12 796 12005
14 812 12005
9 2021 12005
3 716 12005
0 1970 12006
10 780 12006
12 796 12006
8 16691 12006
10 16692 12006
9 16696 12007
12 2038 12007
13 16698 12007
2 2072 12007
5 732 12007
8 2106 12007
0 16704 12008
5 2089 12008
5 732 12008
11 2123 12008
5 732 12009
14 2140 12009
8 764 12009
4 2174 12009
15 16716 12009
10 2208 12009
3 16718 12009
8 764 12010
0 16721 12010
12 796 12010
13 2225 12010
0 2242 12010
13 2225 12011
7 16729 12011
1 700 12011
3 716 12011
5 732 12011
7 748 12011
