9 16400 12000
0 2242 12000
3 2259 12000
6 2276 12000
6 2276 12001
2 16409 12001
4 16410 12001
15 2327 12001
2 2344 12001
8 764 12001
7 16416 12002
5 732 12002
11 16418 12002
13 16419 12002
11 2395 12002
14 16424 12003
8 764 12003
14 2412 12003
4 16427 12003
6 16428 12003
8 16429 12003
10 2480 12003
1 2429 12004
12 796 12004
7 2463 12004
10 2480 12004
10 2480 12005
1 700 12005
3 716 12005
5 732 12005
6 2548 12005
9 2565 12005
8 16446 12005
15 2599 12005
3 2531 12006
5 16449 12006
9 2565 12006
8 764 12006
10 780 12006
10 16456 12007
15 2599 12007
10 780 12007
5 1817 12007
2 16460 12007
11 1851 12007
5 1817 12008
8 1834 12008
14 812 12008
1 700 12008
8 16472 12009
1 700 12009
3 716 12009
5 732 12009
0 16476 12009
13 1953 12009
10 780 12009
3 716 12010
5 732 12010
7 748 12010
0 1970 12010
7 16484 12010
0 1970 12011
8 764 12011
6 2004 12011
12 796 12011
12 2038 12011
0 16493 12011
