5 2089 12000
8 2106 12000
14 812 12000
7 17043 12000
14 812 12001
1 700 12001
4 2174 12001
5 732 12001
10 2208 12001
8 764 12001
7 2191 12002
10 2208 12002
13 2225 12002
8 764 12002
10 780 12002
6 17064 12003
3 2259 12003
10 17066 12003
12 17067 12003
14 17068 12003
1 700 12003
2 2344 12003
9 2293 12004
12 2310 12004
1 17074 12004
2 2344 12004
2 2344 12005
5 2361 12005
8 2378 12005
11 2395 12005
14 2412 12005
8 764 12005
0 17086 12005
7 2463 12005
3 716 12006
5 732 12006
15 17090 12006
4 2446 12006
7 2463 12006
4 2446 12007
7 2463 12007
10 780 12007
8 17099 12007
0 2514 12007
3 2531 12007
13 2497 12008
0 2514 12008
14 812 12008
6 2548 12008
14 812 12009
1 700 12009
3 716 12009
15 2599 12009
7 748 12009
10 17117 12009
12 17118 12009
15 2599 12010
2 1800 12010
7 748 12010
8 764 12010
10 780 12010
7 748 12011
8 764 12011
10 780 12011
1 1885 12011
4 1902 12011
8 17133 12011
