0 702 21100
3 731 21100
6 760 21100
6 763 21100
9 792 21100
12 821 21100
8 16200 21100
15 16201 21100
3 733 21101
6 762 21101
9 791 21101
12 820 21101
12 823 21101
15 852 21101
12 16216 21101
2 16217 21101
9 790 21102
9 793 21102
12 822 21102
15 851 21102
0 700 21102
0 703 21102
14 16232 21102
5 16233 21102
12 821 21103
15 850 21103
15 853 21103
0 702 21103
3 731 21103
6 760 21103
1 16248 21103
8 16249 21103
15 852 21104
0 701 21104
3 730 21104
3 733 21104
6 762 21104
9 791 21104
4 16264 21104
12 16265 21104
0 703 21105
3 732 21105
6 761 21105
9 790 21105
9 793 21105
12 822 21105
7 16280 21105
14 16281 21105
6 760 21106
6 763 21106
9 792 21106
12 821 21106
15 850 21106
15 853 21106
10 16296 21106
1 16297 21106
9 791 21107
12 820 21107
12 823 21107
15 852 21107
0 701 21107
3 730 21107
13 16312 21107
4 16313 21107
12 822 21108
15 851 21108
0 700 21108
0 703 21108
3 732 21108
6 761 21108
0 16328 21108
7 16329 21108
15 853 21109
0 702 21109
3 731 21109
6 760 21109
6 763 21109
9 792 21109
3 16344 21109
10 16345 21109
3 730 21110
3 733 21110
6 762 21110
9 791 21110
12 820 21110
12 823 21110
6 16360 21110
13 16361 21110
6 761 21111
9 790 21111
9 793 21111
12 822 21111
15 851 21111
0 700 21111
9 16376 21111
0 16377 21111
