6 763 21400
9 792 21400
12 821 21400
15 850 21400
15 853 21400
0 702 21400
7 16800 21400
15 16801 21400
12 820 21401
12 823 21401
15 852 21401
0 701 21401
3 730 21401
3 733 21401
10 16816 21401
1 16817 21401
15 851 21402
0 700 21402
0 703 21402
3 732 21402
6 761 21402
9 790 21402
13 16832 21402
4 16833 21402
0 702 21403
3 731 21403
6 760 21403
6 763 21403
9 792 21403
12 821 21403
0 16848 21403
7 16849 21403
3 733 21404
6 762 21404
9 791 21404
12 820 21404
12 823 21404
15 852 21404
3 16864 21404
10 16865 21404
9 790 21405
9 793 21405
12 822 21405
15 851 21405
0 700 21405
0 703 21405
6 16880 21405
13 16881 21405
12 821 21406
15 850 21406
15 853 21406
0 702 21406
3 731 21406
6 760 21406
9 16896 21406
0 16897 21406
15 852 21407
0 701 21407
3 730 21407
3 733 21407
6 762 21407
9 791 21407
12 16912 21407
3 16913 21407
0 703 21408
3 732 21408
6 761 21408
9 790 21408
9 793 21408
12 822 21408
15 16928 21408
6 16929 21408
6 760 21409
6 763 21409
9 792 21409
12 821 21409
15 850 21409
15 853 21409
2 16944 21409
9 16945 21409
9 791 21410
12 820 21410
12 823 21410
15 852 21410
0 701 21410
3 730 21410
5 16960 21410
12 16961 21410
12 822 21411
15 851 21411
0 700 21411
0 703 21411
3 732 21411
6 761 21411
8 16976 21411
15 16977 21411
