0 700 21300
0 703 21300
3 732 21300
6 761 21300
9 790 21300
9 793 21300
2 16600 21300
9 16601 21300
3 731 21301
6 760 21301
6 763 21301
9 792 21301
12 821 21301
15 850 21301
5 16616 21301
12 16617 21301
6 762 21302
9 791 21302
12 820 21302
12 823 21302
15 852 21302
0 701 21302
8 16632 21302
15 16633 21302
9 793 21303
12 822 21303
15 851 21303
0 700 21303
0 703 21303
3 732 21303
11 16648 21303
2 16649 21303
15 850 21304
15 853 21304
0 702 21304
3 731 21304
6 760 21304
6 763 21304
14 16664 21304
5 16665 21304
0 701 21305
3 730 21305
3 733 21305
6 762 21305
9 791 21305
12 820 21305
1 16680 21305
8 16681 21305
3 732 21306
6 761 21306
9 790 21306
9 793 21306
12 822 21306
15 851 21306
4 16696 21306
11 16697 21306
6 763 21307
9 792 21307
12 821 21307
15 850 21307
15 853 21307
0 702 21307
7 16712 21307
14 16713 21307
12 820 21308
12 823 21308
15 852 21308
0 701 21308
3 730 21308
3 733 21308
10 16728 21308
1 16729 21308
15 851 21309
0 700 21309
0 703 21309
3 732 21309
6 761 21309
9 790 21309
14 16744 21309
4 16745 21309
0 702 21310
3 731 21310
6 760 21310
6 763 21310
9 792 21310
12 821 21310
0 16760 21310
7 16761 21310
3 733 21311
6 762 21311
9 791 21311
12 820 21311
12 823 21311
15 852 21311
3 16776 21311
10 16777 21311
