15 853 20200
0 702 20200
3 731 20200
6 760 20200
6 763 20200
9 792 20200
11 14400 20200
3 14401 20200
3 730 20201
3 733 20201
6 762 20201
9 791 20201
12 820 20201
12 823 20201
14 14416 20201
5 14417 20201
6 761 20202
9 790 20202
9 793 20202
12 822 20202
15 851 20202
0 700 20202
1 14432 20202
8 14433 20202
9 792 20203
12 821 20203
15 850 20203
15 853 20203
0 702 20203
3 731 20203
4 14448 20203
11 14449 20203
12 823 20204
15 852 20204
0 701 20204
3 730 20204
3 733 20204
6 762 20204
7 14464 20204
14 14465 20204
0 700 20205
0 703 20205
3 732 20205
6 761 20205
9 790 20205
9 793 20205
10 14480 20205
1 14481 20205
3 731 20206
6 760 20206
6 763 20206
9 792 20206
12 821 20206
15 850 20206
13 14496 20206
4 14497 20206
6 762 20207
9 791 20207
12 820 20207
12 823 20207
15 852 20207
0 701 20207
0 14512 20207
7 14513 20207
9 793 20208
12 822 20208
15 851 20208
0 700 20208
0 703 20208
3 732 20208
3 14528 20208
10 14529 20208
15 850 20209
15 853 20209
0 702 20209
3 731 20209
6 760 20209
6 763 20209
6 14544 20209
13 14545 20209
0 701 20210
3 730 20210
3 733 20210
6 762 20210
9 791 20210
12 820 20210
9 14560 20210
0 14561 20210
3 732 20211
6 761 20211
9 790 20211
9 793 20211
12 822 20211
15 851 20211
12 14576 20211
3 14577 20211
