12 821 20800
15 850 20800
15 853 20800
0 702 20800
3 731 20800
6 760 20800
9 15600 20800
0 15601 20800
15 852 20801
0 701 20801
3 730 20801
3 733 20801
6 762 20801
9 791 20801
12 15616 20801
3 15617 20801
0 703 20802
3 732 20802
6 761 20802
9 790 20802
9 793 20802
12 822 20802
15 15632 20802
6 15633 20802
6 760 20803
6 763 20803
9 792 20803
12 821 20803
15 850 20803
15 853 20803
2 15648 20803
9 15649 20803
9 791 20804
12 820 20804
12 823 20804
15 852 20804
0 701 20804
3 730 20804
5 15664 20804
12 15665 20804
12 822 20805
15 851 20805
0 700 20805
0 703 20805
3 732 20805
6 761 20805
9 15680 20805
15 15681 20805
15 853 20806
0 702 20806
3 731 20806
6 760 20806
6 763 20806
9 792 20806
11 15696 20806
2 15697 20806
3 730 20807
3 733 20807
6 762 20807
9 791 20807
12 820 20807
12 823 20807
14 15712 20807
5 15713 20807
6 761 20808
9 790 20808
9 793 20808
12 822 20808
15 851 20808
0 700 20808
1 15728 20808
9 15729 20808
9 792 20809
12 821 20809
15 850 20809
15 853 20809
0 702 20809
3 731 20809
4 15744 20809
11 15745 20809
12 823 20810
15 852 20810
0 701 20810
3 730 20810
3 733 20810
6 762 20810
7 15760 20810
14 15761 20810
0 700 20811
0 703 20811
3 732 20811
6 761 20811
9 790 20811
9 793 20811
10 15776 20811
1 15777 20811
