9 791 21200
15 850 21200
15 850 21200
15 852 21200
0 701 21200
3 730 21200
13 16400 21200
4 16401 21200
15 850 21201
15 851 21201
0 700 21201
0 703 21201
3 732 21201
6 761 21201
0 16416 21201
7 16417 21201
15 853 21202
0 702 21202
3 731 21202
6 760 21202
6 763 21202
9 792 21202
3 16432 21202
10 16433 21202
3 730 21203
3 733 21203
6 762 21203
9 791 21203
15 850 21203
15 850 21203
6 16448 21203
13 16449 21203
6 761 21204
9 790 21204
9 793 21204
15 850 21204
15 851 21204
0 700 21204
9 16464 21204
0 16465 21204
9 792 21205
15 850 21205
15 850 21205
15 853 21205
0 702 21205
3 731 21205
13 16480 21205
3 16481 21205
15 850 21206
15 852 21206
0 701 21206
3 730 21206
3 733 21206
6 762 21206
15 16496 21206
6 16497 21206
0 700 21207
0 703 21207
3 732 21207
6 761 21207
9 790 21207
9 793 21207
2 16512 21207
9 16513 21207
3 731 21208
6 760 21208
6 763 21208
9 792 21208
15 850 21208
15 850 21208
5 16528 21208
13 16529 21208
6 762 21209
9 791 21209
15 850 21209
15 850 21209
15 852 21209
0 701 21209
8 16544 21209
15 16545 21209
9 793 21210
15 850 21210
15 851 21210
0 700 21210
0 703 21210
3 732 21210
11 16560 21210
2 16561 21210
15 850 21211
15 853 21211
0 702 21211
3 731 21211
6 760 21211
6 763 21211
14 16576 21211
5 16577 21211
