3 730 20900
3 733 20900
6 762 20900
12 820 20900
12 820 20900
12 823 20900
14 15800 20900
5 15801 20900
6 761 20901
12 820 20901
12 820 20901
12 822 20901
15 851 20901
0 700 20901
1 15816 20901
8 15817 20901
12 820 20902
12 821 20902
15 850 20902
15 853 20902
0 702 20902
3 731 20902
4 15832 20902
11 15833 20902
12 823 20903
15 852 20903
0 701 20903
3 730 20903
3 733 20903
6 762 20903
7 15848 20903
14 15849 20903
0 700 20904
0 703 20904
3 732 20904
6 761 20904
12 820 20904
12 820 20904
10 15864 20904
1 15865 20904
3 731 20905
6 760 20905
6 763 20905
12 820 20905
12 821 20905
15 850 20905
13 15880 20905
4 15881 20905
6 762 20906
12 820 20906
12 820 20906
12 823 20906
15 852 20906
0 701 20906
0 15896 20906
7 15897 20906
12 820 20907
12 822 20907
15 851 20907
0 700 20907
0 703 20907
3 732 20907
3 15912 20907
10 15913 20907
15 850 20908
15 853 20908
0 702 20908
3 731 20908
6 760 20908
6 763 20908
6 15928 20908
13 15929 20908
0 701 20909
3 730 20909
3 733 20909
6 762 20909
12 820 20909
12 820 20909
10 15944 20909
0 15945 20909
3 732 20910
6 761 20910
12 820 20910
12 820 20910
12 822 20910
15 851 20910
12 15960 20910
3 15961 20910
6 763 20911
12 820 20911
12 821 20911
15 850 20911
15 853 20911
0 702 20911
15 15976 20911
6 15977 20911
