9 790 20100
9 793 20100
12 822 20100
15 851 20100
0 700 20100
0 703 20100
6 14200 20100
13 14201 20100
12 821 20101
15 850 20101
15 853 20101
0 702 20101
3 731 20101
6 760 20101
9 14216 20101
0 14217 20101
15 852 20102
0 701 20102
3 730 20102
3 733 20102
6 762 20102
9 791 20102
12 14232 20102
3 14233 20102
0 703 20103
3 732 20103
6 761 20103
9 790 20103
9 793 20103
12 822 20103
15 14248 20103
6 14249 20103
6 760 20104
6 763 20104
9 792 20104
12 821 20104
15 850 20104
15 853 20104
2 14264 20104
9 14265 20104
9 791 20105
12 820 20105
12 823 20105
15 852 20105
0 701 20105
3 730 20105
5 14280 20105
12 14281 20105
12 822 20106
15 851 20106
0 700 20106
0 703 20106
3 732 20106
6 761 20106
8 14296 20106
15 14297 20106
15 853 20107
0 702 20107
3 731 20107
6 760 20107
6 763 20107
9 792 20107
11 14312 20107
2 14313 20107
3 730 20108
3 733 20108
6 762 20108
9 791 20108
12 820 20108
12 823 20108
14 14328 20108
5 14329 20108
6 761 20109
9 790 20109
9 793 20109
12 822 20109
15 851 20109
0 700 20109
2 14344 20109
8 14345 20109
9 792 20110
12 821 20110
15 850 20110
15 853 20110
0 702 20110
3 731 20110
4 14360 20110
11 14361 20110
12 823 20111
15 852 20111
0 701 20111
3 730 20111
3 733 20111
6 762 20111
7 14376 20111
14 14377 20111
