6 760 20500
6 763 20500
9 792 20500
12 821 20500
15 850 20500
15 853 20500
10 15000 20500
1 15001 20500
9 791 20501
12 820 20501
12 823 20501
15 852 20501
0 701 20501
3 730 20501
13 15016 20501
4 15017 20501
12 822 20502
15 851 20502
0 700 20502
0 703 20502
3 732 20502
6 761 20502
0 15032 20502
7 15033 20502
15 853 20503
0 702 20503
3 731 20503
6 760 20503
6 763 20503
9 792 20503
3 15048 20503
10 15049 20503
3 730 20504
3 733 20504
6 762 20504
9 791 20504
12 820 20504
12 823 20504
6 15064 20504
13 15065 20504
6 761 20505
9 790 20505
9 793 20505
12 822 20505
15 851 20505
0 700 20505
9 15080 20505
0 15081 20505
9 792 20506
12 821 20506
15 850 20506
15 853 20506
0 702 20506
3 731 20506
12 15096 20506
3 15097 20506
12 823 20507
15 852 20507
0 701 20507
3 730 20507
3 733 20507
6 762 20507
15 15112 20507
6 15113 20507
0 700 20508
0 703 20508
3 732 20508
6 761 20508
9 790 20508
9 793 20508
2 15128 20508
9 15129 20508
3 731 20509
6 760 20509
6 763 20509
9 792 20509
12 821 20509
15 850 20509
6 15144 20509
12 15145 20509
6 762 20510
9 791 20510
12 820 20510
12 823 20510
15 852 20510
0 701 20510
8 15160 20510
15 15161 20510
9 793 20511
12 822 20511
15 851 20511
0 700 20511
0 703 20511
3 732 20511
11 15176 20511
2 15177 20511
