6 762 20300
9 791 20300
12 820 20300
12 823 20300
15 852 20300
0 701 20300
0 14600 20300
7 14601 20300
9 793 20301
12 822 20301
15 851 20301
0 700 20301
0 703 20301
6 760 20301
4 14616 20301
10 14617 20301
15 850 20302
15 853 20302
0 702 20302
6 760 20302
6 760 20302
6 763 20302
6 14632 20302
13 14633 20302
0 701 20303
6 760 20303
6 760 20303
6 762 20303
9 791 20303
12 820 20303
9 14648 20303
0 14649 20303
6 760 20304
6 761 20304
9 790 20304
9 793 20304
12 822 20304
15 851 20304
12 14664 20304
4 14665 20304
6 763 20305
9 792 20305
12 821 20305
15 850 20305
15 853 20305
0 702 20305
15 14680 20305
6 14681 20305
12 820 20306
12 823 20306
15 852 20306
0 701 20306
6 760 20306
6 760 20306
2 14696 20306
9 14697 20306
15 851 20307
0 700 20307
0 703 20307
6 760 20307
6 761 20307
9 790 20307
5 14712 20307
12 14713 20307
0 702 20308
6 760 20308
6 760 20308
6 763 20308
9 792 20308
12 821 20308
8 14728 20308
15 14729 20308
6 760 20309
6 762 20309
9 791 20309
12 820 20309
12 823 20309
15 852 20309
11 14744 20309
2 14745 20309
9 790 20310
9 793 20310
12 822 20310
15 851 20310
0 700 20310
0 703 20310
14 14760 20310
5 14761 20310
12 821 20311
15 850 20311
15 853 20311
0 702 20311
6 760 20311
6 760 20311
1 14776 20311
8 14777 20311
