3 732 20700
6 761 20700
9 790 20700
9 793 20700
12 822 20700
15 851 20700
4 15400 20700
11 15401 20700
6 763 20701
9 792 20701
12 821 20701
15 850 20701
15 853 20701
0 702 20701
8 15416 20701
14 15417 20701
12 820 20702
12 823 20702
15 852 20702
0 701 20702
3 730 20702
3 733 20702
10 15432 20702
1 15433 20702
15 851 20703
0 700 20703
0 703 20703
3 732 20703
6 761 20703
9 790 20703
13 15448 20703
4 15449 20703
0 702 20704
3 731 20704
6 760 20704
6 763 20704
9 792 20704
12 821 20704
0 15464 20704
8 15465 20704
3 733 20705
6 762 20705
9 791 20705
12 820 20705
12 823 20705
15 852 20705
3 15480 20705
10 15481 20705
9 790 20706
9 793 20706
12 822 20706
15 851 20706
0 700 20706
0 703 20706
6 15496 20706
13 15497 20706
12 821 20707
15 850 20707
15 853 20707
0 702 20707
3 731 20707
6 760 20707
9 15512 20707
0 15513 20707
15 852 20708
0 701 20708
3 730 20708
3 733 20708
6 762 20708
9 791 20708
12 15528 20708
3 15529 20708
0 703 20709
3 732 20709
6 761 20709
9 790 20709
9 793 20709
12 822 20709
15 15544 20709
6 15545 20709
6 760 20710
6 763 20710
9 792 20710
12 821 20710
15 850 20710
15 853 20710
2 15560 20710
9 15561 20710
9 791 20711
12 820 20711
12 823 20711
15 852 20711
0 701 20711
3 730 20711
5 15576 20711
12 15577 20711
