15 851 20400
0 700 20400
0 703 20400
3 732 20400
6 761 20400
9 790 20400
5 14800 20400
12 14801 20400
0 702 20401
3 731 20401
6 760 20401
6 763 20401
9 792 20401
12 821 20401
8 14816 20401
15 14817 20401
3 733 20402
6 762 20402
9 791 20402
12 820 20402
12 823 20402
15 852 20402
11 14832 20402
2 14833 20402
9 790 20403
9 793 20403
12 822 20403
15 851 20403
0 700 20403
0 703 20403
14 14848 20403
5 14849 20403
12 821 20404
15 850 20404
15 853 20404
0 702 20404
3 731 20404
6 760 20404
1 14864 20404
8 14865 20404
15 852 20405
0 701 20405
3 730 20405
3 733 20405
6 762 20405
9 791 20405
5 14880 20405
11 14881 20405
0 703 20406
3 732 20406
6 761 20406
9 790 20406
9 793 20406
12 822 20406
7 14896 20406
14 14897 20406
6 760 20407
6 763 20407
9 792 20407
12 821 20407
15 850 20407
15 853 20407
10 14912 20407
1 14913 20407
9 791 20408
12 820 20408
12 823 20408
15 852 20408
0 701 20408
3 730 20408
13 14928 20408
5 14929 20408
12 822 20409
15 851 20409
0 700 20409
0 703 20409
3 732 20409
6 761 20409
0 14944 20409
7 14945 20409
15 853 20410
0 702 20410
3 731 20410
6 760 20410
6 763 20410
9 792 20410
3 14960 20410
10 14961 20410
3 730 20411
3 733 20411
6 762 20411
9 791 20411
12 820 20411
12 823 20411
6 14976 20411
13 14977 20411
