3 730 20000
3 730 20000
3 733 20000
6 762 20000
9 791 20000
12 820 20000
1 14000 20000
8 14001 20000
3 732 20001
6 761 20001
9 790 20001
9 793 20001
12 822 20001
15 851 20001
4 14016 20001
11 14017 20001
6 763 20002
9 792 20002
12 821 20002
15 850 20002
15 853 20002
3 730 20002
7 14032 20002
14 14033 20002
12 820 20003
12 823 20003
15 852 20003
3 730 20003
3 730 20003
3 733 20003
10 14048 20003
1 14049 20003
15 851 20004
3 730 20004
3 730 20004
3 732 20004
6 761 20004
9 790 20004
13 14064 20004
4 14065 20004
3 730 20005
3 731 20005
6 760 20005
6 763 20005
9 792 20005
12 821 20005
1 14080 20005
7 14081 20005
3 733 20006
6 762 20006
9 791 20006
12 820 20006
12 823 20006
15 852 20006
3 14096 20006
10 14097 20006
9 790 20007
9 793 20007
12 822 20007
15 851 20007
3 730 20007
3 730 20007
6 14112 20007
13 14113 20007
12 821 20008
15 850 20008
15 853 20008
3 730 20008
3 731 20008
6 760 20008
9 14128 20008
1 14129 20008
15 852 20009
3 730 20009
3 730 20009
3 733 20009
6 762 20009
9 791 20009
12 14144 20009
3 14145 20009
3 730 20010
3 732 20010
6 761 20010
9 790 20010
9 793 20010
12 822 20010
15 14160 20010
6 14161 20010
6 760 20011
6 763 20011
9 792 20011
12 821 20011
15 850 20011
15 853 20011
2 14176 20011
9 14177 20011
