0 700 21500
0 701 21500
3 730 21500
3 733 21500
6 762 21500
9 791 21500
12 17000 21500
3 17001 21500
0 703 21501
3 732 21501
6 761 21501
9 790 21501
9 793 21501
12 822 21501
0 17016 21501
6 17017 21501
6 760 21502
6 763 21502
9 792 21502
12 821 21502
0 700 21502
0 700 21502
2 17032 21502
9 17033 21502
9 791 21503
12 820 21503
12 823 21503
0 700 21503
0 701 21503
3 730 21503
5 17048 21503
12 17049 21503
12 822 21504
0 700 21504
0 700 21504
0 703 21504
3 732 21504
6 761 21504
8 17064 21504
0 17065 21504
0 700 21505
0 702 21505
3 731 21505
6 760 21505
6 763 21505
9 792 21505
11 17080 21505
2 17081 21505
3 730 21506
3 733 21506
6 762 21506
9 791 21506
12 820 21506
12 823 21506
14 17096 21506
5 17097 21506
6 761 21507
9 790 21507
9 793 21507
12 822 21507
0 700 21507
0 700 21507
1 17112 21507
8 17113 21507
9 792 21508
12 821 21508
0 700 21508
0 700 21508
0 702 21508
3 731 21508
4 17128 21508
11 17129 21508
12 823 21509
0 700 21509
0 701 21509
3 730 21509
3 733 21509
6 762 21509
7 17144 21509
14 17145 21509
0 700 21510
0 703 21510
3 732 21510
6 761 21510
9 790 21510
9 793 21510
10 17160 21510
1 17161 21510
3 731 21511
6 760 21511
6 763 21511
9 792 21511
12 821 21511
0 700 21511
13 17176 21511
4 17177 21511
