12 823 20600
15 852 20600
0 701 20600
3 730 20600
3 733 20600
9 790 20600
15 15200 20600
7 15201 20600
0 700 20601
0 703 20601
3 732 20601
9 790 20601
9 790 20601
9 793 20601
2 15216 20601
9 15217 20601
3 731 20602
9 790 20602
9 790 20602
9 792 20602
12 821 20602
15 850 20602
5 15232 20602
12 15233 20602
9 790 20603
9 791 20603
12 820 20603
12 823 20603
15 852 20603
0 701 20603
8 15248 20603
15 15249 20603
9 793 20604
12 822 20604
15 851 20604
0 700 20604
0 703 20604
3 732 20604
11 15264 20604
2 15265 20604
15 850 20605
15 853 20605
0 702 20605
3 731 20605
9 790 20605
9 790 20605
14 15280 20605
5 15281 20605
0 701 20606
3 730 20606
3 733 20606
9 790 20606
9 791 20606
12 820 20606
1 15296 20606
8 15297 20606
3 732 20607
9 790 20607
9 790 20607
9 793 20607
12 822 20607
15 851 20607
4 15312 20607
11 15313 20607
9 790 20608
9 792 20608
12 821 20608
15 850 20608
15 853 20608
0 702 20608
7 15328 20608
14 15329 20608
12 820 20609
12 823 20609
15 852 20609
0 701 20609
3 730 20609
3 733 20609
10 15344 20609
1 15345 20609
15 851 20610
0 700 20610
0 703 20610
3 732 20610
9 790 20610
9 790 20610
13 15360 20610
4 15361 20610
0 702 20611
3 731 20611
9 790 20611
9 790 20611
9 792 20611
12 821 20611
0 15376 20611
7 15377 20611
