9 793 21000
12 822 21000
15 851 21000
0 700 21000
0 703 21000
3 732 21000
3 16000 21000
11 16001 21000
15 850 21001
15 853 21001
0 702 21001
3 731 21001
6 760 21001
6 763 21001
6 16016 21001
13 16017 21001
0 701 21002
3 730 21002
3 733 21002
6 762 21002
9 791 21002
12 820 21002
9 16032 21002
0 16033 21002
3 732 21003
6 761 21003
9 790 21003
9 793 21003
12 822 21003
15 851 21003
12 16048 21003
3 16049 21003
6 763 21004
9 792 21004
12 821 21004
15 850 21004
15 853 21004
0 702 21004
15 16064 21004
6 16065 21004
12 820 21005
12 823 21005
15 852 21005
0 701 21005
3 730 21005
3 733 21005
2 16080 21005
9 16081 21005
15 851 21006
0 700 21006
0 703 21006
3 732 21006
6 761 21006
9 790 21006
5 16096 21006
12 16097 21006
0 702 21007
3 731 21007
6 760 21007
6 763 21007
9 792 21007
12 821 21007
8 16112 21007
15 16113 21007
3 733 21008
6 762 21008
9 791 21008
12 820 21008
12 823 21008
15 852 21008
11 16128 21008
2 16129 21008
9 790 21009
9 793 21009
12 822 21009
15 851 21009
0 700 21009
0 703 21009
14 16144 21009
5 16145 21009
12 821 21010
15 850 21010
15 853 21010
0 702 21010
3 731 21010
6 760 21010
1 16160 21010
8 16161 21010
15 852 21011
0 701 21011
3 730 21011
3 733 21011
6 762 21011
9 791 21011
4 16176 21011
11 16177 21011
