15 852 10200
0 701 10200
3 730 10200
3 733 10200
10 4400 10200
1 4401 10200
8 4402 10200
15 4403 10200
0 703 10201
3 732 10201
6 761 10201
9 790 10201
13 4416 10201
4 4417 10201
11 4418 10201
3 4419 10201
6 760 10202
6 763 10202
9 792 10202
12 821 10202
0 4432 10202
7 4433 10202
14 4434 10202
5 4435 10202
9 791 10203
12 820 10203
12 823 10203
15 852 10203
3 4448 10203
10 4449 10203
1 4450 10203
8 4451 10203
12 822 10204
15 851 10204
0 700 10204
0 703 10204
6 4464 10204
13 4465 10204
4 4466 10204
11 4467 10204
15 853 10205
0 702 10205
3 731 10205
6 760 10205
9 4480 10205
0 4481 10205
7 4482 10205
14 4483 10205
3 730 10206
3 733 10206
6 762 10206
9 791 10206
12 4496 10206
3 4497 10206
10 4498 10206
1 4499 10206
6 761 10207
9 790 10207
9 793 10207
12 822 10207
15 4512 10207
6 4513 10207
13 4514 10207
4 4515 10207
9 792 10208
12 821 10208
15 850 10208
15 853 10208
3 4528 10208
9 4529 10208
0 4530 10208
7 4531 10208
12 823 10209
15 852 10209
0 701 10209
3 730 10209
5 4544 10209
12 4545 10209
3 4546 10209
10 4547 10209
