15 853 11300
0 702 11300
3 731 11300
6 760 11300
1 6600 11300
8 6601 11300
15 6602 11300
6 6603 11300
3 730 11301
3 733 11301
6 762 11301
9 791 11301
4 6616 11301
11 6617 11301
2 6618 11301
9 6619 11301
6 761 11302
9 790 11302
9 793 11302
12 822 11302
7 6632 11302
14 6633 11302
5 6634 11302
12 6635 11302
9 792 11303
12 821 11303
15 850 11303
15 853 11303
10 6648 11303
1 6649 11303
8 6650 11303
15 6651 11303
12 823 11304
15 852 11304
0 701 11304
3 730 11304
14 6664 11304
4 6665 11304
11 6666 11304
2 6667 11304
0 700 11305
0 703 11305
3 732 11305
6 761 11305
0 6680 11305
7 6681 11305
14 6682 11305
5 6683 11305
3 731 11306
6 760 11306
6 763 11306
9 792 11306
3 6696 11306
10 6697 11306
1 6698 11306
8 6699 11306
6 762 11307
9 791 11307
12 820 11307
12 823 11307
6 6712 11307
14 6713 11307
4 6714 11307
11 6715 11307
9 793 11308
12 822 11308
15 851 11308
0 700 11308
9 6728 11308
0 6729 11308
7 6730 11308
14 6731 11308
15 850 11309
15 853 11309
0 702 11309
3 731 11309
12 6744 11309
3 6745 11309
10 6746 11309
1 6747 11309
