3 731 10700
6 760 10700
6 763 10700
9 792 10700
3 5400 10700
10 5401 10700
1 5402 10700
8 5403 10700
6 762 10701
9 791 10701
12 820 10701
12 823 10701
6 5416 10701
13 5417 10701
4 5418 10701
11 5419 10701
9 793 10702
12 822 10702
15 851 10702
0 700 10702
9 5432 10702
0 5433 10702
8 5434 10702
14 5435 10702
15 850 10703
15 853 10703
0 702 10703
3 731 10703
12 5448 10703
3 5449 10703
10 5450 10703
1 5451 10703
0 701 10704
3 730 10704
3 733 10704
6 762 10704
15 5464 10704
6 5465 10704
13 5466 10704
4 5467 10704
3 732 10705
6 761 10705
9 790 10705
9 793 10705
2 5480 10705
9 5481 10705
0 5482 10705
8 5483 10705
6 763 10706
9 792 10706
12 821 10706
15 850 10706
5 5496 10706
12 5497 10706
3 5498 10706
10 5499 10706
12 820 10707
12 823 10707
15 852 10707
0 701 10707
8 5512 10707
15 5513 10707
6 5514 10707
13 5515 10707
15 851 10708
0 700 10708
0 703 10708
3 732 10708
11 5528 10708
2 5529 10708
9 5530 10708
0 5531 10708
0 702 10709
3 731 10709
6 760 10709
6 763 10709
14 5544 10709
5 5545 10709
12 5546 10709
3 5547 10709
