12 822 10600
15 851 10600
0 700 10600
0 703 10600
14 5200 10600
5 5201 10600
12 5202 10600
3 5203 10600
15 853 10601
0 702 10601
3 731 10601
9 790 10601
1 5216 10601
8 5217 10601
15 5218 10601
7 5219 10601
3 730 10602
3 733 10602
9 790 10602
9 791 10602
4 5232 10602
11 5233 10602
2 5234 10602
9 5235 10602
9 790 10603
9 790 10603
9 793 10603
12 822 10603
7 5248 10603
14 5249 10603
5 5250 10603
12 5251 10603
9 792 10604
12 821 10604
15 850 10604
15 853 10604
10 5264 10604
1 5265 10604
8 5266 10604
15 5267 10604
12 823 10605
15 852 10605
0 701 10605
3 730 10605
13 5280 10605
4 5281 10605
11 5282 10605
2 5283 10605
0 700 10606
0 703 10606
3 732 10606
9 790 10606
0 5296 10606
7 5297 10606
14 5298 10606
5 5299 10606
3 731 10607
9 790 10607
9 790 10607
9 792 10607
3 5312 10607
10 5313 10607
1 5314 10607
8 5315 10607
9 790 10608
9 791 10608
12 820 10608
12 823 10608
7 5328 10608
13 5329 10608
4 5330 10608
11 5331 10608
9 793 10609
12 822 10609
15 851 10609
0 700 10609
9 5344 10609
0 5345 10609
7 5346 10609
14 5347 10609
