9 790 11200
9 793 11200
15 850 11200
15 851 11200
13 6400 11200
3 6401 11200
10 6402 11200
1 6403 11200
15 850 11201
15 850 11201
15 853 11201
0 702 11201
15 6416 11201
6 6417 11201
13 6418 11201
4 6419 11201
15 852 11202
0 701 11202
3 730 11202
3 733 11202
2 6432 11202
9 6433 11202
0 6434 11202
7 6435 11202
0 703 11203
3 732 11203
6 761 11203
9 790 11203
5 6448 11203
13 6449 11203
3 6450 11203
10 6451 11203
6 760 11204
6 763 11204
9 792 11204
15 850 11204
8 6464 11204
15 6465 11204
6 6466 11204
13 6467 11204
9 791 11205
15 850 11205
15 850 11205
15 852 11205
11 6480 11205
2 6481 11205
9 6482 11205
0 6483 11205
15 850 11206
15 851 11206
0 700 11206
0 703 11206
14 6496 11206
5 6497 11206
13 6498 11206
3 6499 11206
15 853 11207
0 702 11207
3 731 11207
6 760 11207
1 6512 11207
8 6513 11207
15 6514 11207
6 6515 11207
3 730 11208
3 733 11208
6 762 11208
9 791 11208
4 6528 11208
11 6529 11208
2 6530 11208
9 6531 11208
6 761 11209
9 790 11209
9 793 11209
15 850 11209
7 6544 11209
14 6545 11209
5 6546 11209
13 6547 11209
