9 792 11000
12 821 11000
15 850 11000
15 853 11000
2 6000 11000
9 6001 11000
0 6002 11000
7 6003 11000
12 823 11001
15 852 11001
0 701 11001
3 730 11001
5 6016 11001
12 6017 11001
3 6018 11001
11 6019 11001
0 700 11002
0 703 11002
3 732 11002
6 761 11002
8 6032 11002
15 6033 11002
6 6034 11002
13 6035 11002
3 731 11003
6 760 11003
6 763 11003
9 792 11003
11 6048 11003
2 6049 11003
9 6050 11003
0 6051 11003
6 762 11004
9 791 11004
12 820 11004
12 823 11004
14 6064 11004
5 6065 11004
12 6066 11004
3 6067 11004
9 793 11005
12 822 11005
15 851 11005
0 700 11005
1 6080 11005
8 6081 11005
15 6082 11005
6 6083 11005
15 850 11006
15 853 11006
0 702 11006
3 731 11006
4 6096 11006
11 6097 11006
2 6098 11006
9 6099 11006
0 701 11007
3 730 11007
3 733 11007
6 762 11007
7 6112 11007
14 6113 11007
5 6114 11007
12 6115 11007
3 732 11008
6 761 11008
9 790 11008
9 793 11008
11 6128 11008
1 6129 11008
8 6130 11008
15 6131 11008
6 763 11009
9 792 11009
12 821 11009
15 850 11009
13 6144 11009
4 6145 11009
11 6146 11009
2 6147 11009
