12 820 10800
12 823 10800
15 852 10800
0 701 10800
9 5600 10800
15 5601 10800
6 5602 10800
13 5603 10800
15 851 10801
0 700 10801
0 703 10801
3 732 10801
11 5616 10801
2 5617 10801
9 5618 10801
0 5619 10801
0 702 10802
3 731 10802
6 760 10802
6 763 10802
14 5632 10802
5 5633 10802
12 5634 10802
3 5635 10802
3 733 10803
6 762 10803
9 791 10803
12 820 10803
1 5648 10803
9 5649 10803
15 5650 10803
6 5651 10803
9 790 10804
9 793 10804
12 822 10804
15 851 10804
4 5664 10804
11 5665 10804
2 5666 10804
9 5667 10804
12 821 10805
15 850 10805
15 853 10805
0 702 10805
7 5680 10805
14 5681 10805
5 5682 10805
12 5683 10805
15 852 10806
0 701 10806
3 730 10806
3 733 10806
10 5696 10806
1 5697 10806
9 5698 10806
15 5699 10806
0 703 10807
3 732 10807
6 761 10807
9 790 10807
13 5712 10807
4 5713 10807
11 5714 10807
2 5715 10807
6 760 10808
6 763 10808
9 792 10808
12 821 10808
0 5728 10808
7 5729 10808
14 5730 10808
5 5731 10808
9 791 10809
12 820 10809
12 823 10809
15 852 10809
3 5744 10809
10 5745 10809
1 5746 10809
9 5747 10809
