3 730 10000
3 730 10000
3 732 10000
6 761 10000
1 4000 10000
7 4001 10000
14 4002 10000
5 4003 10000
3 731 10001
6 760 10001
6 763 10001
9 792 10001
3 4016 10001
10 4017 10001
1 4018 10001
8 4019 10001
6 762 10002
9 791 10002
12 820 10002
12 823 10002
6 4032 10002
13 4033 10002
4 4034 10002
11 4035 10002
9 793 10003
12 822 10003
15 851 10003
3 730 10003
9 4048 10003
1 4049 10003
7 4050 10003
14 4051 10003
15 850 10004
15 853 10004
3 730 10004
3 731 10004
12 4064 10004
3 4065 10004
10 4066 10004
1 4067 10004
3 730 10005
3 730 10005
3 733 10005
6 762 10005
15 4080 10005
6 4081 10005
13 4082 10005
4 4083 10005
3 732 10006
6 761 10006
9 790 10006
9 793 10006
2 4096 10006
9 4097 10006
1 4098 10006
7 4099 10006
6 763 10007
9 792 10007
12 821 10007
15 850 10007
5 4112 10007
12 4113 10007
3 4114 10007
10 4115 10007
12 820 10008
12 823 10008
15 852 10008
3 730 10008
8 4128 10008
15 4129 10008
6 4130 10008
13 4131 10008
15 851 10009
3 730 10009
3 730 10009
3 732 10009
11 4144 10009
2 4145 10009
9 4146 10009
1 4147 10009
