3 733 10500
6 762 10500
9 791 10500
12 820 10500
9 5000 10500
0 5001 10500
7 5002 10500
14 5003 10500
9 790 10501
9 793 10501
12 822 10501
15 851 10501
12 5016 10501
3 5017 10501
10 5018 10501
1 5019 10501
12 821 10502
15 850 10502
15 853 10502
0 702 10502
15 5032 10502
6 5033 10502
13 5034 10502
4 5035 10502
15 852 10503
0 701 10503
3 730 10503
3 733 10503
2 5048 10503
9 5049 10503
0 5050 10503
7 5051 10503
0 703 10504
3 732 10504
6 761 10504
9 790 10504
6 5064 10504
12 5065 10504
3 5066 10504
10 5067 10504
6 760 10505
6 763 10505
9 792 10505
12 821 10505
8 5080 10505
15 5081 10505
6 5082 10505
13 5083 10505
9 791 10506
12 820 10506
12 823 10506
15 852 10506
11 5096 10506
2 5097 10506
9 5098 10506
0 5099 10506
12 822 10507
15 851 10507
0 700 10507
0 703 10507
14 5112 10507
6 5113 10507
12 5114 10507
3 5115 10507
15 853 10508
0 702 10508
3 731 10508
6 760 10508
1 5128 10508
8 5129 10508
15 5130 10508
6 5131 10508
3 730 10509
3 733 10509
6 762 10509
9 791 10509
4 5144 10509
11 5145 10509
2 5146 10509
9 5147 10509
