6 761 10300
9 790 10300
9 793 10300
12 822 10300
15 4600 10300
6 4601 10300
13 4602 10300
4 4603 10300
9 792 10301
12 821 10301
15 850 10301
15 853 10301
2 4616 10301
9 4617 10301
0 4618 10301
7 4619 10301
12 823 10302
15 852 10302
0 701 10302
6 760 10302
5 4632 10302
12 4633 10302
4 4634 10302
10 4635 10302
0 700 10303
0 703 10303
6 760 10303
6 761 10303
8 4648 10303
15 4649 10303
6 4650 10303
13 4651 10303
6 760 10304
6 760 10304
6 763 10304
9 792 10304
11 4664 10304
2 4665 10304
9 4666 10304
0 4667 10304
6 762 10305
9 791 10305
12 820 10305
12 823 10305
14 4680 10305
5 4681 10305
12 4682 10305
4 4683 10305
9 793 10306
12 822 10306
15 851 10306
0 700 10306
1 4696 10306
8 4697 10306
15 4698 10306
6 4699 10306
15 850 10307
15 853 10307
0 702 10307
6 760 10307
4 4712 10307
11 4713 10307
2 4714 10307
9 4715 10307
0 701 10308
6 760 10308
6 760 10308
6 762 10308
7 4728 10308
14 4729 10308
5 4730 10308
12 4731 10308
6 760 10309
6 761 10309
9 790 10309
9 793 10309
10 4744 10309
1 4745 10309
8 4746 10309
15 4747 10309
