0 701 11100
3 730 11100
3 733 11100
6 762 11100
7 6200 11100
14 6201 11100
5 6202 11100
12 6203 11100
3 732 11101
6 761 11101
9 790 11101
9 793 11101
10 6216 11101
1 6217 11101
8 6218 11101
15 6219 11101
6 763 11102
9 792 11102
12 821 11102
15 850 11102
13 6232 11102
4 6233 11102
12 6234 11102
2 6235 11102
12 820 11103
12 823 11103
15 852 11103
0 701 11103
0 6248 11103
7 6249 11103
14 6250 11103
5 6251 11103
15 851 11104
0 700 11104
0 703 11104
3 732 11104
3 6264 11104
10 6265 11104
1 6266 11104
8 6267 11104
0 702 11105
3 731 11105
6 760 11105
6 763 11105
6 6280 11105
13 6281 11105
4 6282 11105
12 6283 11105
3 733 11106
6 762 11106
9 791 11106
12 820 11106
9 6296 11106
0 6297 11106
7 6298 11106
14 6299 11106
9 790 11107
9 793 11107
12 822 11107
15 851 11107
12 6312 11107
3 6313 11107
10 6314 11107
1 6315 11107
12 821 11108
15 850 11108
15 853 11108
0 702 11108
15 6328 11108
6 6329 11108
13 6330 11108
4 6331 11108
15 852 11109
0 701 11109
3 730 11109
3 733 11109
2 6344 11109
9 6345 11109
0 6346 11109
7 6347 11109
