6 762 11400
9 791 11400
12 820 11400
12 823 11400
6 6800 11400
13 6801 11400
4 6802 11400
11 6803 11400
9 793 11401
12 822 11401
15 851 11401
0 700 11401
9 6816 11401
0 6817 11401
7 6818 11401
15 6819 11401
15 850 11402
15 853 11402
0 702 11402
3 731 11402
12 6832 11402
3 6833 11402
10 6834 11402
1 6835 11402
0 701 11403
3 730 11403
3 733 11403
6 762 11403
15 6848 11403
6 6849 11403
13 6850 11403
4 6851 11403
3 732 11404
6 761 11404
9 790 11404
9 793 11404
2 6864 11404
9 6865 11404
0 6866 11404
7 6867 11404
6 763 11405
9 792 11405
12 821 11405
15 850 11405
5 6880 11405
12 6881 11405
3 6882 11405
10 6883 11405
12 820 11406
12 823 11406
15 852 11406
0 701 11406
8 6896 11406
15 6897 11406
6 6898 11406
13 6899 11406
15 851 11407
0 700 11407
0 703 11407
3 732 11407
11 6912 11407
2 6913 11407
9 6914 11407
0 6915 11407
0 702 11408
3 731 11408
6 760 11408
6 763 11408
15 6928 11408
5 6929 11408
12 6930 11408
3 6931 11408
3 733 11409
6 762 11409
9 791 11409
12 820 11409
1 6944 11409
8 6945 11409
15 6946 11409
6 6947 11409
