0 703 10900
3 732 10900
6 761 10900
12 820 10900
13 5800 10900
4 5801 10900
11 5802 10900
2 5803 10900
6 760 10901
6 763 10901
12 820 10901
12 821 10901
0 5816 10901
7 5817 10901
14 5818 10901
5 5819 10901
12 820 10902
12 820 10902
12 823 10902
15 852 10902
3 5832 10902
10 5833 10902
1 5834 10902
8 5835 10902
12 822 10903
15 851 10903
0 700 10903
0 703 10903
6 5848 10903
13 5849 10903
4 5850 10903
11 5851 10903
15 853 10904
0 702 10904
3 731 10904
6 760 10904
10 5864 10904
0 5865 10904
7 5866 10904
14 5867 10904
3 730 10905
3 733 10905
6 762 10905
12 820 10905
12 5880 10905
3 5881 10905
10 5882 10905
1 5883 10905
6 761 10906
12 820 10906
12 820 10906
12 822 10906
15 5896 10906
6 5897 10906
13 5898 10906
4 5899 10906
12 820 10907
12 821 10907
15 850 10907
15 853 10907
2 5912 10907
10 5913 10907
0 5914 10907
7 5915 10907
12 823 10908
15 852 10908
0 701 10908
3 730 10908
5 5928 10908
12 5929 10908
3 5930 10908
10 5931 10908
0 700 10909
0 703 10909
3 732 10909
6 761 10909
8 5944 10909
15 5945 10909
6 5946 10909
13 5947 10909
