15 850 10400
15 853 10400
0 702 10400
3 731 10400
5 4800 10400
11 4801 10400
2 4802 10400
9 4803 10400
0 701 10401
3 730 10401
3 733 10401
6 762 10401
7 4816 10401
14 4817 10401
5 4818 10401
12 4819 10401
3 732 10402
6 761 10402
9 790 10402
9 793 10402
10 4832 10402
1 4833 10402
8 4834 10402
15 4835 10402
6 763 10403
9 792 10403
12 821 10403
15 850 10403
13 4848 10403
5 4849 10403
11 4850 10403
2 4851 10403
12 820 10404
12 823 10404
15 852 10404
0 701 10404
0 4864 10404
7 4865 10404
14 4866 10404
5 4867 10404
15 851 10405
0 700 10405
0 703 10405
3 732 10405
3 4880 10405
10 4881 10405
1 4882 10405
8 4883 10405
0 702 10406
3 731 10406
6 760 10406
6 763 10406
6 4896 10406
13 4897 10406
5 4898 10406
11 4899 10406
3 733 10407
6 762 10407
9 791 10407
12 820 10407
9 4912 10407
0 4913 10407
7 4914 10407
14 4915 10407
9 790 10408
9 793 10408
12 822 10408
15 851 10408
12 4928 10408
3 4929 10408
10 4930 10408
1 4931 10408
12 821 10409
15 850 10409
15 853 10409
0 702 10409
15 4944 10409
6 4945 10409
13 4946 10409
5 4947 10409
