6 763 10100
9 792 10100
12 821 10100
15 850 10100
5 4200 10100
12 4201 10100
3 4202 10100
10 4203 10100
12 820 10101
12 823 10101
15 852 10101
0 701 10101
8 4216 10101
15 4217 10101
6 4218 10101
13 4219 10101
15 851 10102
0 700 10102
0 703 10102
3 732 10102
11 4232 10102
2 4233 10102
9 4234 10102
0 4235 10102
0 702 10103
3 731 10103
6 760 10103
6 763 10103
14 4248 10103
5 4249 10103
12 4250 10103
3 4251 10103
3 733 10104
6 762 10104
9 791 10104
12 820 10104
2 4264 10104
8 4265 10104
15 4266 10104
6 4267 10104
9 790 10105
9 793 10105
12 822 10105
15 851 10105
4 4280 10105
11 4281 10105
2 4282 10105
9 4283 10105
12 821 10106
15 850 10106
15 853 10106
0 702 10106
7 4296 10106
14 4297 10106
5 4298 10106
12 4299 10106
15 852 10107
0 701 10107
3 730 10107
3 733 10107
10 4312 10107
2 4313 10107
8 4314 10107
15 4315 10107
0 703 10108
3 732 10108
6 761 10108
9 790 10108
13 4328 10108
4 4329 10108
11 4330 10108
2 4331 10108
6 760 10109
6 763 10109
9 792 10109
12 821 10109
0 4344 10109
7 4345 10109
14 4346 10109
5 4347 10109
