0 700 11500
0 700 11500
0 703 11500
3 732 11500
11 7000 11500
2 7001 11500
9 7002 11500
0 7003 11500
0 702 11501
3 731 11501
6 760 11501
6 763 11501
14 7016 11501
5 7017 11501
12 7018 11501
3 7019 11501
3 733 11502
6 762 11502
9 791 11502
12 820 11502
1 7032 11502
8 7033 11502
0 7034 11502
6 7035 11502
9 790 11503
9 793 11503
12 822 11503
0 700 11503
4 7048 11503
11 7049 11503
2 7050 11503
9 7051 11503
12 821 11504
0 700 11504
0 700 11504
0 702 11504
7 7064 11504
14 7065 11504
5 7066 11504
12 7067 11504
0 700 11505
0 701 11505
3 730 11505
3 733 11505
10 7080 11505
1 7081 11505
8 7082 11505
0 7083 11505
0 703 11506
3 732 11506
6 761 11506
9 790 11506
13 7096 11506
4 7097 11506
11 7098 11506
2 7099 11506
6 760 11507
6 763 11507
9 792 11507
12 821 11507
0 7112 11507
7 7113 11507
14 7114 11507
5 7115 11507
9 791 11508
12 820 11508
12 823 11508
0 700 11508
3 7128 11508
10 7129 11508
1 7130 11508
8 7131 11508
12 822 11509
0 700 11509
0 700 11509
0 703 11509
6 7144 11509
13 7145 11509
4 7146 11509
11 7147 11509
