1 2286 30000
0 2325 30000
1 766 30000
11 836 30000
10 738 30000
4 2377 30001
3 2416 30001
7 780 30001
1 2494 30001
13 752 30001
15 2572 30001
5 724 30001
13 2650 30001
3 822 30002
6 2507 30002
5 2546 30002
4 2585 30002
13 20230 30003
10 738 30003
8 2637 30003
7 2676 30003
6 2715 30003
6 850 30003
13 752 30003
2 20240 30004
12 2689 30004
3 822 30004
10 2767 30004
8 794 30004
14 864 30004
14 864 30005
1 766 30005
14 2819 30005
0 20253 30005
15 808 30005
2 710 30005
10 2975 30005
6 850 30005
13 752 30005
3 822 30005
12 20260 30006
2 2871 30006
1 2910 30006
5 20263 30006
8 20264 30006
5 724 30007
8 794 30007
7 20272 30007
10 20273 30007
11 836 30007
1 3118 30007
10 738 30008
15 808 30008
2 710 30008
7 780 30008
13 752 30009
14 20291 30009
10 3183 30009
8 794 30009
14 864 30009
7 2052 30009
6 2091 30009
5 2130 30009
0 20300 30010
3 20301 30010
10 738 30010
9 20303 30010
12 20304 30010
7 780 30010
6 850 30010
5 20310 30011
1 2078 30011
13 752 30011
14 20313 30011
5 724 30011
8 794 30012
4 2169 30012
1 766 30012
3 20323 30012
10 738 30012
0 2325 30012
15 2364 30012
15 20327 30012
6 850 30012
15 808 30013
2 20331 30013
5 20332 30013
6 850 30013
13 752 30013
14 20335 30013
3 822 30014
5 724 30014
9 2390 30014
13 20343 30014
9 20350 30015
10 738 30015
15 20352 30015
11 2520 30015
5 20354 30015
6 850 30015
8 2637 30015
6 850 30016
0 2533 30016
4 20362 30016
14 2611 30016
8 794 30016
14 864 30016
3 20370 30017
6 20371 30017
9 20372 30017
10 738 30017
0 2741 30017
7 2676 30018
11 20381 30018
5 2754 30018
13 752 30018
3 822 30018
5 724 30018
1 2910 30018
0 2949 30018
10 2767 30019
9 2806 30019
8 2845 30019
6 20393 30019
10 738 30020
15 808 30020
2 710 30020
11 20403 30020
9 3014 30020
13 752 30020
7 20410 30021
3 822 30021
14 3027 30021
13 3066 30021
12 3105 30021
6 20415 30021
10 3183 30021
1 766 30022
11 836 30022
2 20422 30022
15 808 30022
2 710 30022
7 780 30023
6 850 30023
7 20432 30023
3 2000 30023
5 724 30023
1 2078 30023
0 2117 30023
1 766 30023
11 836 30023
