11 836 30000
10 738 30000
15 808 30000
2 710 30000
12 2481 30000
6 850 30001
13 752 30001
1 2494 30001
5 724 30001
8 794 30001
1 21115 30001
1 766 30001
7 21117 30001
7 21120 30002
10 21121 30002
13 21122 30002
3 2624 30002
2 710 30003
7 780 30003
6 850 30003
6 2715 30003
3 822 30003
11 21135 30003
14 21136 30003
1 21140 30004
8 794 30004
10 2767 30004
1 766 30004
11 836 30004
10 738 30004
6 21150 30005
14 2819 30005
2 710 30005
12 2897 30005
6 850 30005
10 2975 30005
3 822 30005
8 3053 30005
8 794 30005
1 21159 30005
11 21160 30006
3 822 30006
1 21162 30006
15 2988 30006
14 3027 30006
1 766 30007
3 21171 30007
6 21172 30007
2 3079 30007
1 3118 30007
0 3157 30007
8 3053 30008
8 21181 30008
13 752 30008
5 3170 30008
10 21190 30009
14 864 30009
9 3222 30009
8 2013 30009
10 738 30009
15 808 30009
12 21196 30009
15 21197 30009
15 21200 30010
13 2026 30010
7 780 30010
8 21203 30010
10 2143 30010
3 822 30010
5 724 30010
3 822 30011
0 2117 30011
8 794 30011
14 2195 30011
1 766 30011
4 2169 30012
12 21221 30012
15 808 30012
2 21223 30012
0 2325 30012
15 2364 30012
13 752 30012
3 822 30012
5 724 30012
14 21230 30013
6 2299 30013
4 21232 30013
4 2377 30013
10 21234 30013
13 21235 30013
10 2351 30014
1 766 30014
8 2429 30014
7 2468 30014
2 710 30015
11 21251 30015
11 2520 30015
13 752 30015
9 2598 30015
7 21255 30015
10 21256 30015
13 21260 30016
8 794 30016
14 2611 30016
1 766 30016
12 2689 30016
11 2728 30016
10 738 30017
15 808 30017
1 2702 30017
11 21273 30017
15 2780 30017
7 21280 30018
3 822 30018
4 2793 30018
0 21283 30018
14 864 30018
6 21285 30018
11 836 30018
15 2988 30018
1 766 30019
11 836 30019
10 738 30019
6 2923 30019
12 2897 30020
11 2936 30020
13 752 30020
10 21303 30020
13 21304 30020
0 21305 30020
6 21310 30021
14 864 30021
12 21312 30021
11 836 30021
2 21314 30021
10 3183 30021
9 3222 30021
15 808 30022
2 710 30022
0 3157 30022
6 850 30022
13 752 30022
3 822 30023
5 724 30023
3 2000 30023
14 864 30023
1 2078 30023
15 21335 30023
10 738 30023
5 21337 30023
8 21338 30023
