0 20000 30000
2 2039 30000
1 2078 30000
0 2117 30000
15 2156 30000
5 724 30001
8 794 30001
14 864 30001
14 20013 30001
1 20014 30001
10 738 30001
0 2325 30001
2 710 30001
10 738 30002
15 808 30002
7 2260 30002
7 780 30002
15 20030 30003
3 822 30003
5 724 30003
8 794 30003
14 864 30003
14 20035 30003
11 836 30003
4 20040 30004
14 2403 30004
13 2442 30004
12 2481 30004
11 2520 30004
3 20045 30004
2 2455 30005
6 850 30005
13 752 30005
2 20053 30005
5 724 30005
8 794 30005
12 2689 30005
1 766 30005
11 836 30005
9 2806 30005
8 794 30006
4 2585 30006
3 2624 30006
11 836 30006
10 20064 30006
8 2637 30007
2 710 30007
6 2715 30007
5 2754 30007
13 752 30007
3 2832 30007
3 822 30008
5 724 30008
8 794 30008
8 2845 30008
14 2819 30009
0 20091 30009
12 2897 30009
11 2936 30009
10 2975 30009
6 850 30009
8 3053 30009
3 822 30009
1 2910 30010
13 752 30010
15 2988 30010
5 724 30010
14 20104 30010
14 864 30010
1 766 30010
4 3001 30011
3 3040 30011
2 3079 30011
1 3118 30011
15 808 30011
2 710 30012
7 780 30012
6 850 30012
4 3209 30012
3 2000 30012
5 724 30012
1 2078 30012
1 20127 30012
1 766 30012
10 3183 30013
8 794 30013
14 864 30013
7 2052 30013
11 836 30013
0 20135 30013
6 20140 30014
12 2065 30014
2 710 30014
15 20143 30014
13 752 30015
14 20151 30015
5 724 30015
13 2234 30015
14 864 30015
1 766 30015
10 2351 30015
0 20160 30016
2 2247 30016
1 2286 30016
15 808 30016
15 2364 30016
7 780 30016
7 780 30017
6 850 30017
11 20172 30017
3 822 30017
5 724 30017
9 2390 30018
14 864 30018
1 766 30018
3 20183 30018
5 2546 30018
4 2585 30018
12 20186 30018
7 780 30018
15 20190 30019
2 20191 30019
10 2559 30019
6 850 30019
4 20200 30020
5 724 30020
8 794 30020
12 2689 30020
1 766 30020
11 836 30020
2 2663 30021
10 738 30021
15 808 30021
2 710 30021
7 780 30021
13 2858 30021
11 20216 30021
6 850 30022
13 752 30022
3 822 30022
2 2871 30022
1 2910 30022
14 864 30023
7 2884 30023
9 20232 30023
10 738 30023
15 20234 30023
3 3040 30023
7 780 30023
6 850 30023
13 752 30023
