4 3001 30000
10 738 30000
15 808 30000
1 3118 30000
13 20704 30000
6 20710 30001
6 3131 30001
3 822 30001
5 724 30001
3 2000 30001
14 864 30001
8 20716 30001
11 20717 30001
11 20720 30002
9 3222 30002
1 20722 30002
10 738 30002
2 710 30003
3 20731 30003
6 20732 30003
10 2143 30003
3 822 30003
5 724 30003
7 2260 30003
0 2117 30004
15 2156 30004
14 864 30004
14 20743 30004
12 2273 30004
11 2312 30004
10 20750 30005
15 808 30005
0 20752 30005
3 20753 30005
6 850 30005
14 2403 30005
13 2442 30005
12 2481 30005
8 794 30005
5 20759 30005
13 752 30006
2 20761 30006
5 20762 30006
8 20763 30006
11 20764 30006
9 2390 30007
11 836 30007
7 2468 30007
15 808 30007
2 710 30007
4 2585 30007
7 780 30008
6 850 30008
13 752 30008
9 2598 30008
8 794 30009
14 864 30009
13 2650 30009
7 20793 30009
10 20794 30009
10 2767 30009
2 710 30009
7 780 30009
3 20800 30010
1 2702 30010
0 2741 30010
15 2780 30010
14 2819 30010
3 822 30010
12 2897 30010
5 2754 30011
4 2793 30011
8 794 30011
1 20813 30011
1 2910 30011
8 2845 30012
10 738 30012
6 2923 30012
2 710 30012
4 3001 30012
3 3040 30012
2 3079 30012
3 822 30012
0 3157 30012
11 2936 30013
10 2975 30013
3 822 30013
5 724 30013
14 20834 30013
1 20835 30013
7 20840 30014
10 20841 30014
11 836 30014
11 3144 30014
1 3118 30015
7 780 30015
6 850 30015
5 20853 30015
13 2026 30015
5 724 30015
8 794 30015
1 20860 30016
4 20861 30016
2 2039 30016
1 766 30016
11 836 30016
10 738 30016
7 2052 30017
15 808 30017
12 20872 30017
4 2169 30017
3 2208 30017
11 20880 30018
3 822 30018
1 20882 30018
7 2260 30018
6 2299 30018
1 766 30018
4 2377 30018
10 738 30018
13 2234 30019
12 2273 30019
10 738 30019
10 2351 30019
5 20900 30020
6 850 30020
14 2403 30020
3 822 30020
1 20904 30020
4 20905 30020
3 2416 30021
2 2455 30021
1 2494 30021
11 836 30021
15 2572 30021
15 808 30021
2 710 30021
6 2507 30022
2 20921 30022
5 20922 30022
8 20923 30022
11 20924 30022
4 20930 30023
8 2637 30023
10 20932 30023
13 20933 30023
1 766 30023
3 20935 30023
10 738 30023
2 2871 30023
12 20938 30023
