13 752 30000
3 822 30000
4 2793 30000
12 20503 30000
14 864 30000
1 766 30001
11 836 30001
14 20512 30001
15 808 30001
2 710 30001
4 3001 30001
3 3040 30001
13 752 30001
13 20520 30002
11 2936 30002
3 20522 30002
3 822 30002
2 20530 30003
14 864 30003
13 3066 30003
11 836 30003
14 20534 30003
15 808 30003
4 20536 30003
15 808 30004
2 710 30004
0 3157 30004
6 850 30004
3 20544 30004
6 20545 30004
12 20550 30005
5 724 30005
8 794 30005
2 2039 30005
8 20554 30005
11 20555 30005
10 738 30005
14 2195 30005
13 2234 30005
12 2273 30005
8 2013 30006
7 2052 30006
6 2091 30006
2 710 30006
7 780 30006
11 2104 30007
13 752 30007
9 2182 30007
5 724 30007
8 794 30007
6 2299 30007
14 2195 30008
14 20581 30008
12 2273 30008
10 738 30008
2 710 30009
0 2325 30009
6 850 30009
13 752 30009
12 20594 30009
12 2481 30009
11 2520 30009
10 2559 30009
5 20600 30010
8 794 30010
11 20602 30010
1 766 30010
1 20604 30010
10 738 30010
15 808 30010
7 2468 30011
13 20611 30011
2 710 30011
3 20613 30011
3 2624 30011
13 752 30012
2 20621 30012
8 2637 30012
7 2676 30012
6 2715 30012
5 2754 30012
11 836 30012
3 2832 30012
15 808 30012
1 766 30013
11 836 30013
11 2728 30013
15 808 30013
2 710 30013
7 780 30013
9 20640 30014
6 850 30014
13 752 30014
3 822 30014
14 20650 30015
14 864 30015
1 766 30015
0 2949 30015
15 2988 30015
15 808 30015
2 710 30015
15 808 30016
6 20661 30016
7 780 30016
12 20663 30016
2 3079 30016
3 822 30016
9 3014 30017
8 3053 30017
7 3092 30017
14 864 30017
4 20674 30017
11 836 30018
11 3144 30018
3 20682 30018
9 3222 30018
8 2013 30018
12 20685 30018
13 752 30018
3 822 30018
15 3196 30019
14 3235 30019
3 822 30019
11 20693 30019
14 864 30020
1 2078 30020
0 2117 30020
15 2156 30020
14 2195 30020
2 710 30020
5 2130 30021
15 20711 30021
3 2208 30021
5 20713 30021
8 20714 30021
11 20715 30021
8 794 30021
8 2221 30022
7 2260 30022
6 2299 30022
10 20723 30022
4 2377 30022
11 2312 30023
10 2351 30023
9 2390 30023
8 2429 30023
7 2468 30023
13 752 30023
3 822 30023
11 20737 30023
8 794 30023
