11 836 30000
12 21501 30000
10 2975 30000
9 3014 30000
8 3053 30000
15 2988 30001
13 752 30001
3 822 30001
7 21513 30001
11 3144 30001
10 3183 30001
9 3222 30001
8 2013 30001
14 864 30002
6 21521 30002
9 21522 30002
10 738 30002
5 3170 30003
7 780 30003
3 2000 30003
2 2039 30003
3 822 30003
5 724 30003
8 794 30003
8 2013 30004
0 21541 30004
14 864 30004
1 766 30004
11 836 30004
10 738 30004
11 2104 30005
10 2143 30005
2 710 30005
7 780 30005
6 850 30005
1 21555 30005
5 2338 30005
4 2377 30005
3 2416 30005
2 2455 30005
13 752 30006
10 21561 30006
12 2273 30006
8 794 30006
10 2351 30006
12 21570 30007
11 836 30007
15 2364 30007
15 808 30007
8 21574 30007
12 2481 30007
7 780 30008
6 850 30008
7 21582 30008
3 822 30008
8 794 30009
14 864 30009
1 766 30009
4 2585 30009
10 738 30009
2 2663 30009
1 2702 30009
7 780 30009
10 2559 30010
2 710 30010
7 780 30010
7 2676 30010
7 21604 30010
3 822 30010
4 2793 30010
3 822 30011
5 724 30011
11 2728 30011
9 21613 30011
12 21614 30011
11 836 30012
15 2780 30012
14 2819 30012
14 21623 30012
7 780 30012
11 2936 30012
13 752 30012
10 21627 30012
5 724 30012
6 850 30013
13 752 30013
1 2910 30013
0 2949 30013
8 794 30013
14 864 30013
14 864 30014
1 766 30014
11 836 30014
10 738 30014
9 3014 30015
8 3053 30015
6 850 30015
13 752 30015
3 822 30015
4 3209 30015
3 2000 30015
12 3105 30016
11 3144 30016
15 21662 30016
1 766 30016
8 2013 30016
7 2052 30016
10 738 30017
1 21671 30017
13 2026 30017
7 780 30017
6 850 30017
3 21680 30018
3 822 30018
9 21682 30018
8 794 30018
14 2195 30018
1 766 30018
12 2273 30018
11 2312 30018
8 21690 30019
4 2169 30019
14 21692 30019
15 808 30019
7 780 30020
6 850 30020
6 2299 30020
5 2338 30020
5 724 30020
3 2416 30020
8 794 30021
14 864 30021
1 766 30021
8 2429 30021
10 738 30021
6 2507 30021
4 21716 30021
15 808 30022
10 21721 30022
12 2481 30022
11 2520 30022
3 21724 30022
12 21730 30023
5 724 30023
2 21732 30023
14 864 30023
13 2650 30023
11 836 30023
10 738 30023
1 21737 30023
9 2806 30023
