7 2468 30000
7 21201 30000
6 850 30000
13 21203 30000
3 822 30000
5 724 30001
12 21211 30001
8 2637 30001
1 766 30001
6 2715 30001
10 738 30001
4 2793 30001
2 710 30001
13 2650 30002
1 21221 30002
11 2728 30002
7 21223 30002
0 2741 30003
3 822 30003
9 21232 30003
8 794 30003
14 864 30003
11 2936 30003
5 21236 30003
3 2832 30004
2 2871 30004
10 738 30004
1 21243 30004
2 710 30004
7 21245 30004
6 2923 30005
5 2962 30005
13 752 30005
3 3040 30005
2 3079 30005
8 794 30005
0 3157 30005
15 3196 30005
11 836 30005
8 21259 30005
8 794 30006
8 3053 30006
8 21262 30006
11 21263 30006
10 738 30006
7 21270 30007
11 3144 30007
10 3183 30007
6 850 30007
8 2013 30007
6 21275 30007
15 3196 30008
5 724 30008
13 2026 30008
14 864 30008
11 836 30009
10 738 30009
0 2117 30009
2 710 30009
13 21294 30009
6 850 30009
13 752 30009
11 2312 30009
6 850 30010
9 21301 30010
3 822 30010
15 21303 30010
8 794 30010
14 864 30010
15 2364 30010
11 21310 30011
14 21311 30011
11 836 30011
10 738 30011
4 2377 30011
11 2312 30012
3 21321 30012
9 2390 30012
8 2429 30012
3 822 30012
5 724 30012
2 21326 30012
14 864 30012
8 21328 30012
14 2403 30013
13 2442 30013
14 864 30013
11 2520 30013
1 21334 30013
4 21335 30013
10 21340 30014
15 808 30014
2 710 30014
3 21343 30014
15 21350 30015
2 21351 30015
5 21352 30015
1 2702 30015
0 2741 30015
1 766 30015
11 836 30015
1 766 30016
6 2715 30016
5 2754 30016
15 808 30016
2 710 30016
7 780 30016
7 780 30017
6 850 30017
8 2845 30017
7 2884 30017
5 21374 30017
8 794 30018
1 21381 30018
4 21382 30018
10 2975 30018
9 3014 30018
13 21385 30018
2 710 30018
3 21387 30018
0 2949 30019
6 21391 30019
7 780 30019
6 850 30019
3 822 30020
2 3079 30020
1 3118 30020
0 3157 30020
4 21404 30020
11 836 30020
13 21410 30021
0 21411 30021
3 21412 30021
6 21413 30021
9 21414 30021
6 850 30021
0 2117 30021
6 850 30022
8 2013 30022
8 21422 30022
5 724 30022
5 2130 30022
7 21430 30023
11 2104 30023
11 836 30023
10 738 30023
3 21434 30023
2 710 30023
7 780 30023
5 2338 30023
4 2377 30023
