13 752 30000
3 822 30000
5 724 30000
7 2260 30000
14 864 30000
1 766 30001
12 2273 30001
2 20112 30001
15 808 30001
2 710 30001
11 20115 30001
6 850 30001
13 752 30001
7 780 30002
6 850 30002
7 20122 30002
3 822 30002
8 794 30003
14 864 30003
1 766 30003
0 2533 30003
2 20134 30003
15 808 30003
13 2650 30003
6 2507 30004
2 710 30004
4 2585 30004
6 850 30004
2 2663 30004
10 20145 30004
3 822 30005
5 724 30005
8 794 30005
9 20153 30005
12 20154 30005
11 836 30005
10 738 30005
15 808 30005
2 710 30005
11 20159 30005
11 836 30006
10 738 30006
15 808 30006
14 20163 30006
7 780 30006
6 850 30007
14 2819 30007
3 822 30007
5 724 30007
6 20174 30007
10 2975 30007
14 864 30008
2 20181 30008
11 836 30008
10 738 30008
5 2962 30009
4 3001 30009
10 20192 30009
13 20193 30009
3 822 30009
0 3157 30009
15 3196 30009
14 3235 30009
9 20200 30010
8 794 30010
14 864 30010
1 766 30010
4 3209 30010
10 738 30010
15 808 30010
11 3144 30011
10 3183 30011
2 710 30011
7 780 30011
7 2052 30011
14 3235 30012
13 2026 30012
9 20222 30012
12 20223 30012
15 20224 30012
1 766 30012
5 20226 30012
10 738 30012
6 2299 30012
1 2078 30013
0 2117 30013
10 738 30013
15 808 30013
2 710 30013
7 780 30013
7 780 30014
3 2208 30014
13 752 30014
3 822 30014
7 2260 30015
14 864 30015
5 2338 30015
11 836 30015
10 738 30015
2 2455 30015
1 2494 30015
15 808 30016
2 710 30016
7 780 30016
6 850 30016
13 752 30016
5 2546 30016
13 2442 30017
12 2481 30017
2 20272 30017
10 2559 30017
1 766 30017
0 2533 30018
10 738 30018
14 2611 30018
2 710 30018
12 2689 30018
6 850 30018
3 20286 30018
3 822 30018
6 850 30019
9 20291 30019
3 822 30019
15 20293 30019
11 20300 30020
1 766 30020
1 20302 30020
4 20303 30020
15 808 30020
2 710 30020
9 2806 30021
8 2845 30021
7 2884 30021
13 752 30021
3 822 30021
15 20315 30021
3 3040 30021
5 724 30022
8 794 30022
14 864 30022
14 20323 30022
11 836 30022
10 738 30023
13 20331 30023
13 3066 30023
12 3105 30023
6 850 30023
13 752 30023
9 3222 30023
8 2013 30023
2 20338 30023
