11 836 30000
8 20301 30000
11 20302 30000
14 20303 30000
4 2585 30000
6 850 30001
13 752 30001
9 2598 30001
5 724 30001
6 20314 30001
14 864 30001
12 20316 30001
4 2793 30001
15 20320 30002
13 2650 30002
5 20322 30002
8 20323 30002
1 2702 30003
0 2741 30003
10 20332 30003
13 752 30003
3 822 30003
5 724 30003
8 794 30003
5 724 30004
3 2832 30004
2 2871 30004
1 766 30004
0 2949 30004
10 738 30004
14 20350 30005
6 2923 30005
4 20352 30005
4 3001 30005
10 20354 30005
13 752 30005
0 20356 30005
5 724 30005
8 794 30005
14 3235 30005
13 752 30006
3 822 30006
8 3053 30006
7 3092 30006
15 20364 30006
13 3066 30007
12 3105 30007
10 738 30007
10 3183 30007
9 3222 30007
8 2013 30007
0 3157 30008
15 3196 30008
13 752 30008
3 822 30008
2 20390 30009
5 20391 30009
8 20392 30009
0 2117 30009
10 738 30009
15 808 30009
4 20396 30009
7 20397 30009
7 20400 30010
10 20401 30010
7 780 30010
3 2208 30010
13 752 30010
3 822 30010
0 2325 30010
12 20410 30011
5 724 30011
2 20412 30011
6 2299 30011
8 20414 30011
12 2273 30012
10 738 30012
7 20422 30012
9 2390 30012
8 2429 30012
0 20425 30012
13 752 30012
5 2546 30012
5 724 30012
15 2364 30013
13 752 30013
13 2442 30013
12 2481 30013
11 2520 30013
10 2559 30013
2 2455 30014
1 766 30014
0 2533 30014
10 738 30014
2 710 30015
3 20451 30015
6 850 30015
2 2663 30015
12 20454 30015
0 2741 30015
2 20456 30015
8 2637 30016
8 20461 30016
6 2715 30016
1 766 30016
1 20464 30016
4 20465 30016
10 20470 30017
13 20471 30017
0 20472 30017
8 2845 30017
6 850 30017
14 2819 30018
3 822 30018
12 2897 30018
11 2936 30018
14 864 30018
9 3014 30018
11 836 30018
10 738 30018
4 20490 30019
11 836 30019
15 2988 30019
15 808 30019
7 780 30020
6 850 30020
15 20502 30020
2 20503 30020
5 20504 30020
15 3196 30020
7 3092 30021
14 864 30021
1 766 30021
4 3209 30021
10 738 30021
13 20515 30021
0 20516 30021
3 20520 30022
2 710 30022
7 780 30022
12 20523 30022
6 2091 30022
3 822 30023
5 724 30023
11 2104 30023
1 20533 30023
9 2182 30023
8 2221 30023
7 2260 30023
15 808 30023
2 710 30023
