15 2572 30000
15 20401 30000
6 850 30000
5 20403 30000
11 2728 30000
5 724 30001
1 2702 30001
14 864 30001
15 2780 30001
11 836 30001
0 20415 30001
12 2897 30001
2 710 30001
6 20420 30002
4 2793 30002
3 2832 30002
7 780 30002
13 752 30003
14 20431 30003
5 724 30003
4 20433 30003
14 864 30003
1 766 30003
2 3079 30003
11 2936 30004
11 836 30004
10 738 30004
15 808 30004
12 20444 30004
7 780 30004
7 780 30005
6 850 30005
13 752 30005
3 822 30005
10 3183 30005
9 3222 30005
8 2013 30005
1 766 30005
13 20458 30005
10 738 30005
1 3118 30006
0 3157 30006
15 3196 30006
11 836 30006
10 738 30006
15 20470 30007
2 710 30007
2 2039 30007
6 850 30007
11 20474 30007
3 822 30007
4 20480 30008
6 2091 30008
5 2130 30008
4 2169 30008
11 836 30009
9 2182 30009
15 808 30009
7 2260 30009
7 780 30009
5 2338 30009
13 752 30009
3 2416 30009
6 850 30010
1 20501 30010
3 822 30010
5 724 30010
8 794 30010
8 2429 30010
7 2468 30010
14 864 30011
1 766 30011
11 836 30011
10 738 30011
15 808 30011
3 2416 30012
11 20521 30012
1 2494 30012
1 20523 30012
4 20524 30012
7 20525 30012
8 794 30012
13 20527 30012
0 20528 30012
13 20530 30013
8 794 30013
14 864 30013
1 766 30013
9 20534 30013
1 2702 30013
10 738 30014
15 808 30014
7 2676 30014
7 780 30014
7 20550 30015
3 822 30015
5 724 30015
8 794 30015
14 864 30015
1 766 30015
6 2923 30015
15 2780 30016
15 20561 30016
13 2858 30016
5 20563 30016
2 710 30016
11 20565 30016
7 780 30017
6 850 30017
13 752 30017
10 20573 30017
5 724 30017
8 794 30018
9 20581 30018
1 766 30018
11 836 30018
10 738 30018
15 808 30018
15 3196 30018
7 780 30018
15 808 30019
7 3092 30019
7 780 30019
6 850 30019
3 822 30020
3 20601 30020
8 794 30020
8 2013 30020
1 766 30020
11 836 30020
14 3235 30021
8 20611 30021
15 808 30021
14 20613 30021
1 20614 30021
6 850 30021
13 752 30021
1 2078 30022
13 752 30022
3 822 30022
3 20623 30022
6 20624 30022
14 864 30023
3 2208 30023
11 836 30023
8 20633 30023
0 2325 30023
15 2364 30023
7 780 30023
6 850 30023
13 752 30023
