13 2858 30000
14 864 30000
1 766 30000
11 836 30000
9 3014 30000
15 808 30001
15 2988 30001
14 3027 30001
6 850 30001
13 752 30001
14 20615 30001
1 20616 30001
9 3222 30001
4 20620 30002
7 20621 30002
10 20622 30002
13 20623 30002
9 20630 30003
5 3170 30003
4 3209 30003
2 710 30003
5 20634 30003
1 2078 30003
0 2117 30003
9 3222 30004
1 20641 30004
3 822 30004
5 724 30004
8 794 30004
4 2169 30004
14 864 30005
1 766 30005
11 836 30005
9 2182 30005
15 808 30005
2 710 30005
7 780 30005
5 2338 30005
13 752 30005
3 822 30005
2 710 30006
14 2195 30006
6 850 30006
1 20663 30006
4 20664 30006
2 2247 30007
1 2286 30007
3 20672 30007
6 20673 30007
9 20674 30007
10 738 30007
10 738 30008
4 2377 30008
8 20682 30008
2 2455 30008
7 20690 30009
3 822 30009
6 2507 30009
0 20693 30009
4 2585 30009
3 2624 30009
11 836 30009
12 20697 30009
12 20700 30010
10 2559 30010
10 738 30010
15 808 30010
7 2676 30010
7 780 30010
6 850 30010
14 2611 30011
13 2650 30011
7 20712 30011
3 822 30011
13 20714 30011
1 2702 30012
0 2741 30012
1 766 30012
11 836 30012
10 738 30012
12 2897 30012
2 710 30012
10 2975 30012
9 3014 30012
15 808 30013
2 710 30013
2 2871 30013
1 2910 30013
13 752 30013
15 2988 30013
0 20740 30014
6 2923 30014
6 20742 30014
9 20743 30014
10 2975 30015
10 738 30015
15 808 30015
14 20753 30015
7 780 30015
5 3170 30015
4 3209 30015
6 850 30016
12 3105 30016
11 3144 30016
5 724 30016
9 3222 30016
8 2013 30016
14 864 30017
1 766 30017
14 3235 30017
10 738 30017
15 808 30017
3 2000 30018
2 2039 30018
6 850 30018
13 752 30018
3 822 30018
3 20785 30018
8 794 30018
12 2273 30018
5 724 30019
8 794 30019
14 864 30019
2 20793 30019
9 2182 30020
1 20801 30020
7 2260 30020
7 780 30020
10 20804 30020
13 20805 30020
13 752 30021
3 822 30021
10 2351 30021
8 794 30021
14 864 30021
1 766 30021
11 836 30021
1 766 30022
11 20821 30022
14 20822 30022
15 808 30022
2 710 30022
13 20830 30023
1 2494 30023
0 2533 30023
3 822 30023
5 724 30023
13 2650 30023
15 20836 30023
11 2728 30023
10 2767 30023
