2 710 30000
11 20801 30000
6 850 30000
8 2013 30000
3 822 30000
13 20810 30001
0 20811 30001
12 2065 30001
11 2104 30001
11 836 30001
12 20815 30001
15 808 30001
2 710 30001
1 2078 30002
15 808 30002
15 2156 30002
7 780 30002
4 2169 30003
3 822 30003
5 724 30003
8 794 30003
14 864 30003
1 766 30003
14 2403 30003
12 20840 30004
11 836 30004
5 2338 30004
5 20843 30004
2 710 30004
7 780 30004
7 780 30005
4 20851 30005
8 2429 30005
10 20853 30005
5 724 30005
8 794 30005
14 864 30005
1 766 30005
2 2663 30005
1 2702 30005
6 20860 30006
12 2481 30006
11 2520 30006
10 2559 30006
10 738 30006
0 2533 30007
15 2572 30007
1 20872 30007
13 2650 30007
13 752 30007
3 822 30007
3 2624 30008
5 724 30008
8 794 30008
14 864 30008
6 2715 30009
8 20891 30009
4 2793 30009
14 20893 30009
2 2871 30009
6 850 30009
0 2949 30009
10 20897 30009
10 20900 30010
8 2845 30010
3 822 30010
3 20903 30010
5 2962 30010
9 20905 30010
1 766 30010
15 20910 30011
11 2936 30011
5 20912 30011
8 20913 30011
15 808 30011
2 710 30012
14 3027 30012
6 850 30012
12 3105 30012
0 20924 30012
5 724 30012
8 794 30012
9 20927 30012
1 766 30012
5 724 30013
12 20931 30013
0 3157 30013
15 3196 30013
11 836 30013
8 20935 30013
10 738 30014
1 20941 30014
4 20942 30014
7 780 30014
13 752 30015
6 20951 30015
5 724 30015
12 20953 30015
14 864 30015
1 766 30015
5 20956 30015
8 20960 30016
11 836 30016
10 738 30016
15 808 30016
7 2260 30016
6 2299 30016
7 780 30017
0 20971 30017
13 752 30017
3 822 30017
5 724 30017
1 2286 30018
5 20981 30018
1 766 30018
14 2403 30018
14 20984 30018
12 2481 30018
11 2520 30018
7 20987 30018
4 2377 30019
2 710 30019
7 780 30019
6 850 30019
12 21000 30020
5 724 30020
8 794 30020
14 864 30020
1 766 30020
2 2663 30020
11 836 30021
10 738 30021
15 808 30021
2 710 30021
13 21014 30021
0 21015 30021
4 2793 30021
6 850 30022
9 21021 30022
3 822 30022
5 724 30022
9 2806 30022
11 21030 30023
1 766 30023
14 2819 30023
10 738 30023
12 2897 30023
2 710 30023
13 21036 30023
0 21037 30023
8 3053 30023
