6 21000 30000
14 864 30000
7 2260 30000
11 836 30000
5 2338 30000
12 2273 30001
11 2312 30001
10 2351 30001
4 21013 30001
8 2429 30001
3 822 30001
13 21016 30001
8 794 30001
0 21020 30002
5 724 30002
13 2442 30002
14 864 30002
11 836 30003
10 738 30003
15 808 30003
15 2572 30003
1 21034 30003
13 2650 30003
13 752 30003
6 850 30004
13 752 30004
0 21042 30004
5 724 30004
6 21044 30004
9 21045 30004
15 21050 30005
2 21051 30005
5 21052 30005
5 2754 30005
15 808 30005
3 2832 30005
7 780 30005
4 21057 30005
13 752 30005
15 2988 30005
4 21060 30006
7 780 30006
10 21062 30006
13 21063 30006
7 2884 30006
9 21070 30007
13 2858 30007
14 864 30007
2 21073 30007
5 21074 30007
8 21075 30007
10 738 30008
15 808 30008
15 2988 30008
7 780 30008
13 752 30009
3 822 30009
2 3079 30009
8 794 30009
0 3157 30009
2 21095 30009
14 3235 30009
10 738 30009
8 21100 30010
11 21101 30010
10 738 30010
4 3209 30010
3 2000 30010
2 2039 30010
1 2078 30010
13 21110 30011
0 21111 30011
8 2013 30011
7 2052 30011
5 724 30011
13 2026 30012
5 21121 30012
11 2104 30012
11 21123 30012
10 738 30012
1 21125 30012
4 21126 30012
6 2299 30012
5 2338 30012
15 808 30013
2 710 30013
13 21132 30013
6 850 30013
12 2273 30013
3 822 30013
3 822 30014
2 2247 30014
8 794 30014
0 2325 30014
6 2299 30015
10 738 30015
4 2377 30015
2 710 30015
13 21154 30015
0 21155 30015
0 2533 30015
6 850 30016
13 752 30016
3 822 30016
5 724 30016
8 794 30016
4 2585 30016
12 2481 30017
1 766 30017
10 2559 30017
4 21173 30017
7 21174 30017
2 710 30018
7 780 30018
6 850 30018
13 752 30018
3 822 30018
10 2767 30018
8 794 30018
5 21187 30018
2 2663 30019
1 2702 30019
0 2741 30019
14 21193 30019
5 2754 30020
13 21201 30020
2 710 30020
7 780 30020
6 850 30020
13 752 30020
15 21210 30021
3 822 30021
6 2923 30021
5 2962 30021
14 864 30021
1 766 30021
1 21216 30021
11 2936 30022
11 836 30022
10 738 30022
13 21223 30022
7 3092 30022
14 3027 30023
12 21231 30023
13 752 30023
11 3144 30023
10 3183 30023
8 794 30023
14 864 30023
7 2052 30023
1 21238 30023
