15 20900 30000
1 2078 30000
0 2117 30000
8 794 30000
14 864 30000
5 2130 30001
11 836 30001
3 2208 30001
15 808 30001
2 710 30001
7 780 30001
15 2364 30001
13 752 30001
7 780 30002
6 850 30002
6 2299 30002
3 822 30002
11 2312 30003
1 20931 30003
9 2390 30003
7 20933 30003
10 738 30003
13 20935 30003
5 2546 30003
3 20940 30004
2 710 30004
12 2481 30004
11 2520 30004
15 20944 30004
3 822 30004
3 822 30005
5 724 30005
8 794 30005
14 2611 30005
4 20954 30005
12 2689 30005
11 2728 30005
15 808 30005
9 2806 30005
3 20959 30005
4 2585 30006
0 20961 30006
15 808 30006
6 20963 30006
7 780 30006
6 850 30007
6 2715 30007
5 2754 30007
5 724 30007
3 2832 30007
2 2871 30007
7 20980 30008
10 20981 30008
11 836 30008
10 738 30008
13 2858 30009
12 2897 30009
11 2936 30009
13 752 30009
3 822 30009
11 20995 30009
7 3092 30009
6 3131 30009
0 2949 30010
4 21001 30010
14 864 30010
1 766 30010
12 3105 30010
11 3144 30010
15 808 30010
6 21010 30011
9 21011 30011
1 3118 30011
7 780 30011
2 21014 30011
13 752 30012
5 3170 30012
5 724 30012
8 794 30012
2 2039 30012
1 766 30012
0 2117 30012
15 2156 30012
15 808 30012
9 3222 30013
11 836 30013
6 21032 30013
15 808 30013
2 710 30013
4 2169 30013
5 21040 30014
6 850 30014
13 752 30014
14 21043 30014
8 794 30015
14 864 30015
13 2234 30015
11 836 30015
10 738 30015
10 2351 30015
2 710 30015
15 21060 30016
2 710 30016
7 780 30016
6 850 30016
11 21064 30016
13 2442 30016
5 2338 30017
5 724 30017
3 2416 30017
2 2455 30017
1 766 30017
11 836 30018
12 21081 30018
6 2507 30018
2 21083 30018
5 21084 30018
3 2624 30018
13 752 30018
1 2702 30018
14 21090 30019
1 21091 30019
4 21092 30019
7 21093 30019
3 21100 30020
1 766 30020
12 2689 30020
11 2728 30020
15 808 30020
2 710 30020
2 710 30021
7 780 30021
15 2780 30021
1 21113 30021
3 822 30021
7 21115 30021
8 794 30021
5 724 30022
3 2832 30022
2 2871 30022
1 2910 30022
9 21124 30022
2 21130 30023
5 21131 30023
2 710 30023
4 3001 30023
3 3040 30023
2 3079 30023
1 3118 30023
5 724 30023
10 21138 30023
