5 2754 30000
4 2793 30000
1 766 30000
2 2871 30000
14 21404 30000
15 808 30001
2 710 30001
7 780 30001
5 2962 30001
4 3001 30001
3 3040 30001
5 724 30001
1 3118 30001
12 21420 30002
15 21421 30002
8 794 30002
8 3053 30002
11 836 30003
10 738 30003
15 808 30003
2 710 30003
7 780 30003
9 3222 30003
13 752 30003
6 850 30004
13 752 30004
15 3196 30004
5 724 30004
2 21444 30004
14 864 30004
14 864 30005
1 766 30005
2 2039 30005
1 2078 30005
15 808 30005
2 710 30005
7 780 30005
13 2234 30005
12 2273 30005
3 822 30005
2 710 30006
3 21461 30006
5 2130 30006
4 2169 30006
3 822 30006
5 724 30007
9 2182 30007
11 21472 30007
1 766 30007
11 836 30007
10 738 30007
10 738 30008
12 2273 30008
11 2312 30008
7 780 30008
0 2325 30009
2 21491 30009
5 21492 30009
8 21493 30009
12 2481 30009
11 2520 30009
10 2559 30009
4 21497 30009
1 766 30010
7 21501 30010
10 738 30010
0 2533 30010
2 710 30010
14 2611 30010
6 850 30010
7 780 30011
12 21511 30011
13 752 30011
2 21513 30011
5 21514 30011
9 2598 30012
14 864 30012
7 2676 30012
7 21523 30012
5 2754 30012
15 808 30012
0 21526 30012
3 21527 30012
6 21528 30012
15 808 30013
11 2728 30013
9 21532 30013
6 850 30013
15 21534 30013
3 822 30013
15 2780 30014
5 724 30014
14 21542 30014
12 2897 30014
11 836 30015
1 2910 30015
15 808 30015
2 710 30015
14 3027 30015
13 3066 30015
13 752 30015
2 21560 30016
4 3001 30016
8 21562 30016
5 724 30016
14 21564 30016
14 864 30016
7 21570 30017
1 766 30017
13 21572 30017
10 738 30017
3 21574 30017
2 710 30018
7 780 30018
6 850 30018
8 2013 30018
3 822 30018
5 724 30018
8 794 30018
14 864 30018
1 21590 30019
13 2026 30019
14 864 30019
10 21593 30019
10 738 30020
9 21601 30020
15 2156 30020
7 780 30020
6 850 30020
13 752 30020
13 752 30021
3 2208 30021
5 724 30021
4 21613 30021
7 21614 30021
10 21615 30021
13 21616 30021
1 766 30022
11 836 30022
5 2338 30022
9 21623 30022
2 710 30022
7 780 30023
6 850 30023
11 21632 30023
7 2468 30023
1 21634 30023
4 21635 30023
7 21636 30023
10 21637 30023
13 21638 30023
