13 752 30000
3 822 30000
12 2689 30000
11 2728 30000
10 2767 30000
0 21310 30001
3 21311 30001
15 2780 30001
14 2819 30001
13 2858 30001
12 2897 30001
2 21316 30001
10 2975 30001
5 21320 30002
3 2832 30002
13 752 30002
1 2910 30002
8 794 30003
13 21331 30003
5 2962 30003
11 836 30003
3 3040 30003
9 21335 30003
2 710 30003
15 808 30004
9 3014 30004
8 3053 30004
8 21343 30004
6 3131 30004
3 822 30004
4 21350 30005
7 21351 30005
8 794 30005
13 21353 30005
9 3222 30005
8 2013 30005
7 2052 30005
15 808 30005
12 21358 30005
15 21359 30005
9 21360 30006
15 3196 30006
15 808 30006
2 21363 30006
12 2065 30006
14 21370 30007
2 2039 30007
1 2078 30007
0 2117 30007
8 794 30007
14 2195 30007
6 2091 30008
1 766 30008
9 21382 30008
3 2208 30008
9 2182 30009
7 780 30009
6 850 30009
13 752 30009
5 2338 30009
4 2377 30009
8 794 30009
2 2455 30009
5 724 30010
8 794 30010
3 21402 30010
9 2390 30010
11 836 30010
12 21405 30010
15 21406 30010
15 2364 30011
15 808 30011
2 710 30011
12 2481 30011
14 21414 30011
7 21420 30012
10 21421 30012
13 21422 30012
15 2572 30012
14 864 30012
13 2650 30012
12 2689 30012
10 738 30012
10 2767 30012
5 2546 30013
4 2585 30013
10 738 30013
15 808 30013
1 2702 30013
0 2741 30013
8 2637 30014
7 2676 30014
13 752 30014
3 822 30014
6 21450 30015
14 864 30015
12 21452 30015
11 836 30015
10 738 30015
6 2923 30015
5 2962 30015
15 808 30016
14 21461 30016
7 780 30016
11 2936 30016
13 752 30016
3 822 30016
3 822 30017
0 2949 30017
15 2988 30017
14 3027 30017
1 766 30017
4 3001 30018
10 738 30018
11 21482 30018
14 21483 30018
7 780 30018
4 21485 30018
13 752 30018
13 2026 30018
6 850 30019
13 752 30019
0 21492 30019
5 724 30019
14 864 30020
9 3222 30020
11 836 30020
10 738 30020
6 2091 30020
2 710 30020
2 710 30021
7 780 30021
11 2104 30021
10 2143 30021
3 822 30021
3 21515 30021
8 794 30021
0 2117 30022
15 2156 30022
14 2195 30022
2 21523 30022
5 21524 30022
14 21530 30023
15 808 30023
1 2286 30023
7 780 30023
6 850 30023
13 752 30023
3 822 30023
5 724 30023
8 794 30023
